qual	method	off	on
0	bwa	0.162786942164	0.836706692946
0	gsnap	0.107676928817	0.752909855183
0	last	0.106536087386	0.765808834473
0	bis1	0.0743589003185	0.561841289293
0	bis2	0.0851252235773	0.628742865229
0	real_R1	0.144385589669	0.739475140752
0	bsmap	0.08141295236	0.611074087893
0	bsmooth	0.148549539752	0.826054735666
1	bwa	0.113387563805	0.774416246476
1	gsnap	0.107676928817	0.752909855183
1	last	0.106536087386	0.765808834473
1	bis1	0.0743589003185	0.561841289293
1	bis2	0.0851252235773	0.628742865229
1	real_R1	0.13845502391	0.73867487557
1	bsmap	0.08141295236	0.611074087893
1	bsmooth	0.140239835297	0.802746326172
2	bwa	0.112841198017	0.773985680569
2	gsnap	0.107676928817	0.752909855183
2	last	0.106536087386	0.765808834473
2	bis1	0.0743589003185	0.561841289293
2	bis2	0.0851252235773	0.628742865229
2	real_R1	0.11539522321	0.705394029611
2	bsmap	0.08141295236	0.611074087893
2	bsmooth	0.118349207938	0.770109499615
3	bwa	0.112356786649	0.773651334374
3	gsnap	0.107660562566	0.752906443487
3	last	0.106536087386	0.765808834473
3	bis1	0.0743589003185	0.561841289293
3	bis2	0.0851252235773	0.628742865229
3	real_R1	0.110601394958	0.704596434451
3	bsmap	0.08141295236	0.611074087893
3	bsmooth	0.112062738021	0.766396635059
4	bwa	0.111763794352	0.773031147399
4	gsnap	0.107660562566	0.752906443487
4	last	0.106536087386	0.765808834473
4	bis1	0.0743589003185	0.561841289293
4	bis2	0.0851252235773	0.628742865229
4	real_R1	0.110601394958	0.704596434451
4	bsmap	0.08141295236	0.611074087893
4	bsmooth	0.110815837349	0.757669220362
5	bwa	0.111257429462	0.772590890297
5	gsnap	0.107660562566	0.752906443487
5	last	0.106536087386	0.765808834473
5	bis1	0.0743589003185	0.561841289293
5	bis2	0.0851252235773	0.628742865229
5	real_R1	0.110601394958	0.704596434451
5	bsmap	0.08141295236	0.611074087893
5	bsmooth	0.110697614671	0.757537993684
6	bwa	0.110758926307	0.772034091643
6	gsnap	0.107660562566	0.752906443487
6	last	0.106536087386	0.765808834473
6	bis1	0.0743589003185	0.561841289293
6	bis2	0.0851252235773	0.628742865229
6	real_R1	0.110601394958	0.704596434451
6	bsmap	0.08141295236	0.611074087893
6	bsmooth	0.110650691491	0.757491861622
7	bwa	0.110199556519	0.771485352502
7	gsnap	0.107660562566	0.752906443487
7	last	0.106536087386	0.765808834473
7	bis1	0.0743589003185	0.561841289293
7	bis2	0.0851252235773	0.628742865229
7	real_R1	0.110601394958	0.704596434451
7	bsmap	0.08141295236	0.611074087893
7	bsmooth	0.0973963519379	0.736416530685
8	bwa	0.109548268723	0.770795942712
8	gsnap	0.107660562566	0.752906443487
8	last	0.106536087386	0.765808834473
8	bis1	0.0743589003185	0.561841289293
8	bis2	0.0851252235773	0.628742865229
8	real_R1	0.110601394958	0.704596434451
8	bsmap	0.08141295236	0.611074087893
8	bsmooth	0.095784053694	0.73415482355
9	bwa	0.10892556006	0.770206015997
9	gsnap	0.107660562566	0.752906443487
9	last	0.106536087386	0.765808834473
9	bis1	0.0743589003185	0.561841289293
9	bis2	0.0851252235773	0.628742865229
9	real_R1	0.110601394958	0.704596434451
9	bsmap	0.08141295236	0.611074087893
9	bsmooth	0.094298037642	0.723854320389
10	bwa	0.108376573694	0.769647536217
10	gsnap	0.107660562566	0.752906443487
10	last	0.106536087386	0.765808834473
10	bis1	0.0743589003185	0.561841289293
10	bis2	0.0851252235773	0.628742865229
10	real_R1	0.110074510449	0.704396083848
10	bsmap	0.08141295236	0.611074087893
10	bsmooth	0.094298037642	0.723854320389
11	bwa	0.107535120937	0.768687415777
11	gsnap	0.107660562566	0.752906443487
11	last	0.106373562106	0.765613626135
11	bis1	0.0743589003185	0.561841289293
11	bis2	0.0851252235773	0.628742865229
11	real_R1	0.110074510449	0.704396083848
11	bsmap	0.08141295236	0.611074087893
11	bsmooth	0.094298037642	0.723854320389
12	bwa	0.106834684942	0.767733030942
12	gsnap	0.107660562566	0.752906443487
12	last	0.106101664779	0.765287883347
12	bis1	0.0743589003185	0.561841289293
12	bis2	0.0851252235773	0.628742865229
12	real_R1	0.0871061333095	0.675665204055
12	bsmap	0.08141295236	0.611074087893
12	bsmooth	0.0933497345256	0.722550212005
13	bwa	0.105965839728	0.766413495759
13	gsnap	0.107660562566	0.752906443487
13	last	0.105644349198	0.764702752784
13	bis1	0.0743589003185	0.561841289293
13	bis2	0.0851252235773	0.628742865229
13	real_R1	0.086938960212	0.675547871384
13	bsmap	0.08141295236	0.611074087893
13	bsmooth	0.0912436798334	0.718698506261
14	bwa	0.104889375514	0.76474344591
14	gsnap	0.107660562566	0.752906443487
14	last	0.105342043278	0.764340519683
14	bis1	0.0743589003185	0.561841289293
14	bis2	0.0851252235773	0.628742865229
14	real_R1	0.086938960212	0.675547871384
14	bsmap	0.08141295236	0.611074087893
14	bsmooth	0.0912436798334	0.718698506261
15	bwa	0.104725070219	0.764653258471
15	gsnap	0.107660562566	0.752906443487
15	last	0.104993951409	0.763905108179
15	bis1	0.0743589003185	0.561841289293
15	bis2	0.0851252235773	0.628742865229
15	real_R1	0.0795031937923	0.666257823538
15	bsmap	0.08141295236	0.611074087893
15	bsmooth	0.090982709822	0.718362874499
16	bwa	0.102790490328	0.762334442514
16	gsnap	0.107660562566	0.752906443487
16	last	0.10451542398	0.763266972717
16	bis1	0.0743589003185	0.561841289293
16	bis2	0.0851252235773	0.628742865229
16	real_R1	0.0795031937923	0.666257823538
16	bsmap	0.08141295236	0.611074087893
16	bsmooth	0.0903445249154	0.717525327886
17	bwa	0.102572240682	0.762199952474
17	gsnap	0.107660562566	0.752906443487
17	last	0.104088961997	0.762736083173
17	bis1	0.0743589003185	0.561841289293
17	bis2	0.0851252235773	0.628742865229
17	real_R1	0.0794145391447	0.666151665407
17	bsmap	0.08141295236	0.611074087893
17	bsmooth	0.0901536182815	0.717300106514
18	bwa	0.102385437972	0.762066006327
18	gsnap	0.107660562566	0.752906443487
18	last	0.103700424227	0.762184426785
18	bis1	0.0743589003185	0.561841289293
18	bis2	0.0851252235773	0.628742865229
18	real_R1	0.0738519420906	0.658432579896
18	bsmap	0.08141295236	0.611074087893
18	bsmooth	0.088779495965	0.714918495575
19	bwa	0.102044218941	0.76180162462
19	gsnap	0.107660562566	0.752906443487
19	last	0.102924238695	0.761119186557
19	bis1	0.0743589003185	0.561841289293
19	bis2	0.0851252235773	0.628742865229
19	real_R1	0.068852472634	0.651502585027
19	bsmap	0.08141295236	0.611074087893
19	bsmooth	0.0876880005119	0.713270152022
20	bwa	0.101740528564	0.761500159262
20	gsnap	0.107660562566	0.752906443487
20	last	0.102365165577	0.760302011229
20	bis1	0.0743589003185	0.561841289293
20	bis2	0.0851252235773	0.628742865229
20	real_R1	0.0688075766942	0.651429208844
20	bsmap	0.08141295236	0.611074087893
20	bsmooth	0.0876880005119	0.713270152022
21	bwa	0.101502006522	0.761339562332
21	gsnap	0.107660562566	0.752906443487
21	last	0.102066221907	0.759845684546
21	bis1	0.0743589003185	0.561841289293
21	bis2	0.0851252235773	0.628742865229
21	real_R1	0.0687908148841	0.651425698258
21	bsmap	0.08141295236	0.611074087893
21	bsmooth	0.0876880005119	0.713270152022
22	bwa	0.101086076296	0.760874286127
22	gsnap	0.107660562566	0.752906443487
22	last	0.100562207923	0.757603903692
22	bis1	0.0743589003185	0.561841289293
22	bis2	0.0851252235773	0.628742865229
22	real_R1	0.0651918218584	0.646513251768
22	bsmap	0.08141295236	0.611074087893
22	bsmooth	0.0866357148388	0.711837190313
23	bwa	0.100820755136	0.760608717743
23	gsnap	0.107660562566	0.752906443487
23	last	0.10032225198	0.757213140903
23	bis1	0.0743589003185	0.561841289293
23	bis2	0.0851252235773	0.628742865229
23	real_R1	0.0605993331074	0.6459989757
23	bsmap	0.08141295236	0.611074087893
23	bsmooth	0.0858037060511	0.711062438682
24	bwa	0.100543863877	0.760299489541
24	gsnap	0.107660562566	0.752906443487
24	last	0.0999706989714	0.756668011237
24	bis1	0.0743589003185	0.561841289293
24	bis2	0.0851252235773	0.628742865229
24	real_R1	0.0605993331074	0.6459989757
24	bsmap	0.08141295236	0.611074087893
24	bsmooth	0.0824080303212	0.693268120827
25	bwa	0.100219060542	0.759905166722
25	gsnap	0.107660562566	0.752906443487
25	last	0.0979191819683	0.753850642679
25	bis1	0.0743589003185	0.561841289293
25	bis2	0.0851252235773	0.628742865229
25	real_R1	0.0604645958431	0.645692862525
25	bsmap	0.08141295236	0.611074087893
25	bsmooth	0.077956805557	0.669711547542
26	bwa	0.0998230565967	0.759383622258
26	gsnap	0.107660562566	0.752906443487
26	last	0.0977465699354	0.753600946098
26	bis1	0.0743589003185	0.561841289293
26	bis2	0.0851252235773	0.628742865229
26	real_R1	0.0576998860691	0.642352812271
26	bsmap	0.08141295236	0.611074087893
26	bsmooth	0.0770089968892	0.668641313382
27	bwa	0.0994342221576	0.758974663758
27	gsnap	0.107660562566	0.752906443487
27	last	0.0975642172635	0.753344129455
27	bis1	0.0743589003185	0.561841289293
27	bis2	0.0851252235773	0.628742865229
27	real_R1	0.0576998860691	0.642352812271
27	bsmap	0.08141295236	0.611074087893
27	bsmooth	0.0764266352382	0.668169906014
28	bwa	0.0990300598095	0.758451883172
28	gsnap	0.107660562566	0.752906443487
28	last	0.0972706630844	0.752911387974
28	bis1	0.0743589003185	0.561841289293
28	bis2	0.0851252235773	0.628742865229
28	real_R1	0.0576998860691	0.642352812271
28	bsmap	0.08141295236	0.611074087893
28	bsmooth	0.0761301638118	0.667961792566
29	bwa	0.0984327163636	0.75770932015
29	gsnap	0.107660562566	0.752906443487
29	last	0.0971271740785	0.752683348244
29	bis1	0.0743589003185	0.561841289293
29	bis2	0.0851252235773	0.628742865229
29	real_R1	0.0575607482116	0.641621127119
29	bsmap	0.08141295236	0.611074087893
29	bsmooth	0.0761301638118	0.667961792566
30	bwa	0.0979444482957	0.756989847881
30	gsnap	0.107660562566	0.752906443487
30	last	0.0969570837338	0.752417186522
30	bis1	0.0743589003185	0.561841289293
30	bis2	0.0851252235773	0.628742865229
30	real_R1	0.0575607482116	0.641621127119
30	bsmap	0.08141295236	0.611074087893
30	bsmooth	0.0761301638118	0.667961792566
31	bwa	0.097299934446	0.755967871912
31	gsnap	0.107660562566	0.752906443487
31	last	0.0965096076817	0.751872106301
31	bis1	0.0743589003185	0.561841289293
31	bis2	0.0851252235773	0.628742865229
31	real_R1	0.0575607482116	0.641621127119
31	bsmap	0.08141295236	0.611074087893
31	bsmooth	0.0733981370954	0.662877624051
32	bwa	0.0962848313134	0.754313446641
32	gsnap	0.107660562566	0.752906443487
32	last	0.0963388251089	0.751617663012
32	bis1	0.0743589003185	0.561841289293
32	bis2	0.0851252235773	0.628742865229
32	real_R1	0.0575506614586	0.641529654114
32	bsmap	0.08141295236	0.611074087893
32	bsmooth	0.0715656608559	0.659735303823
33	bwa	0.0962034450613	0.754247042183
33	gsnap	0.107660562566	0.752906443487
33	last	0.0961425784292	0.751331871677
33	bis1	0.0743589003185	0.561841289293
33	bis2	0.0851252235773	0.628742865229
33	real_R1	0.0568270358207	0.640164926323
33	bsmap	0.08141295236	0.611074087893
33	bsmooth	0.0700561584918	0.657441704748
34	bwa	0.0939949900482	0.751407324545
34	gsnap	0.10757131458	0.75258791965
34	last	0.0958198517781	0.750863084887
34	bis1	0.0743589003185	0.561841289293
34	bis2	0.0851252235773	0.628742865229
34	real_R1	0.0555819646087	0.63806109665
34	bsmap	0.08141295236	0.611074087893
34	bsmooth	0.0700042908256	0.657406203333
35	bwa	0.0938754323583	0.751306061456
35	gsnap	0.10757131458	0.75258791965
35	last	0.0955865708926	0.750516773034
35	bis1	0.0743589003185	0.561841289293
35	bis2	0.0851252235773	0.628742865229
35	real_R1	0.0541539473865	0.63544798484
35	bsmap	0.08141295236	0.611074087893
35	bsmooth	0.0686362502278	0.65552462834
36	bwa	0.0937705103492	0.751196343295
36	gsnap	0.10757131458	0.75258791965
36	last	0.0953367259764	0.750156913287
36	bis1	0.0743589003185	0.561841289293
36	bis2	0.0851252235773	0.628742865229
36	real_R1	0.0530114742749	0.634232728883
36	bsmap	0.08141295236	0.611074087893
36	bsmooth	0.0674114019667	0.654155846069
37	bwa	0.0935754997912	0.750971319702
37	gsnap	0.10757131458	0.75258791965
37	last	0.094907297301	0.74959175845
37	bis1	0.0743589003185	0.561841289293
37	bis2	0.0851252235773	0.628742865229
37	real_R1	0.0527589593358	0.631942887618
37	bsmap	0.08141295236	0.611074087893
37	bsmooth	0.066385865967	0.653187616671
38	bwa	0.093388795971	0.750747977235
38	gsnap	0.107501201758	0.752249222306
38	last	0.0946252143311	0.749163961456
38	bis1	0.0743589003185	0.561841289293
38	bis2	0.0851252235773	0.628742865229
38	real_R1	0.050135414659	0.628726993427
38	bsmap	0.08141295236	0.611074087893
38	bsmooth	0.0654962044636	0.65245410206
39	bwa	0.0932952462814	0.750680138877
39	gsnap	0.107501201758	0.752249222306
39	last	0.09434545527	0.748765287488
39	bis1	0.0743589003185	0.561841289293
39	bis2	0.0851252235773	0.628742865229
39	real_R1	0.04771439616	0.625066293206
39	bsmap	0.08141295236	0.611074087893
39	bsmooth	0.0648415049712	0.651986501947
40	bwa	0.0929215914167	0.750316817989
40	gsnap	0.107501201758	0.752249222306
40	last	0.0938670267308	0.748028707295
40	bis1	0.0743589003185	0.561841289293
40	bis2	0.0851252235773	0.628742865229
40	real_R1	0.0453723905595	0.619329205214
40	bsmap	0.08141295236	0.611074087893
40	bsmooth	0.0645388529364	0.651777004043
41	bwa	0.0852942755798	0.740681051629
41	gsnap	0.0	0.0
41	last	0.0935784170384	0.747582615699
41	bis1	0.0743589003185	0.561841289293
41	bis2	0.0851252235773	0.628742865229
41	real_R1	0.0393976705336	0.571600667822
41	bsmap	0.08141295236	0.611074087893
41	bsmooth	0.0583586894855	0.617285797169
42	bwa	0.084933328046	0.74019896417
42	gsnap	0.0	0.0
42	last	0.0932111900064	0.747024778702
42	bis1	0.0743589003185	0.561841289293
42	bis2	0.0851252235773	0.628742865229
42	real_R1	0.038796865947	0.565813887738
42	bsmap	0.08141295236	0.611074087893
42	bsmooth	0.0583586894855	0.617285797169
43	bwa	0.0844152447229	0.739488836981
43	gsnap	0.0	0.0
43	last	0.0922845931869	0.745576983533
43	bis1	0.0743589003185	0.561841289293
43	bis2	0.0851252235773	0.628742865229
43	real_R1	0.0372117129354	0.552881829832
43	bsmap	0.08141295236	0.611074087893
43	bsmooth	0.0	0.0
44	bwa	0.0838247246687	0.738675716132
44	gsnap	0.0	0.0
44	last	0.0919396657903	0.7450045603
44	bis1	0.0743589003185	0.561841289293
44	bis2	0.0851252235773	0.628742865229
44	real_R1	0.0372117129354	0.552881829832
44	bsmap	0.08141295236	0.611074087893
44	bsmooth	0.0	0.0
45	bwa	0.0833805614227	0.738087964991
45	gsnap	0.0	0.0
45	last	0.0916508088735	0.74457122548
45	bis1	0.0743589003185	0.561841289293
45	bis2	0.0851252235773	0.628742865229
45	real_R1	0.0	0.0
45	bsmap	0.08141295236	0.611074087893
45	bsmooth	0.0	0.0
46	bwa	0.0822858026084	0.736657969974
46	gsnap	0.0	0.0
46	last	0.0908258707019	0.743341877736
46	bis1	0.0743589003185	0.561841289293
46	bis2	0.0851252235773	0.628742865229
46	real_R1	0.0	0.0
46	bsmap	0.08141295236	0.611074087893
46	bsmooth	0.0	0.0
47	bwa	0.0820280959582	0.736296676326
47	gsnap	0.0	0.0
47	last	0.090555011717	0.742923870825
47	bis1	0.0743589003185	0.561841289293
47	bis2	0.0851252235773	0.628742865229
47	real_R1	0.0	0.0
47	bsmap	0.08141295236	0.611074087893
47	bsmooth	0.0	0.0
48	bwa	0.0816379759526	0.735800150965
48	gsnap	0.0	0.0
48	last	0.090147437673	0.742322967349
48	bis1	0.0743589003185	0.561841289293
48	bis2	0.0851252235773	0.628742865229
48	real_R1	0.0	0.0
48	bsmap	0.08141295236	0.611074087893
48	bsmooth	0.0	0.0
49	bwa	0.081270600586	0.73529596165
49	gsnap	0.0	0.0
49	last	0.0887647613944	0.740509082379
49	bis1	0.0743589003185	0.561841289293
49	bis2	0.0851252235773	0.628742865229
49	real_R1	0.0	0.0
49	bsmap	0.08141295236	0.611074087893
49	bsmooth	0.0	0.0
50	bwa	0.08077229521	0.734578121061
50	gsnap	0.0	0.0
50	last	0.0886532632179	0.740303045616
50	bis1	0.0743589003185	0.561841289293
50	bis2	0.0851252235773	0.628742865229
50	real_R1	0.0	0.0
50	bsmap	0.08141295236	0.611074087893
50	bsmooth	0.0	0.0
51	bwa	0.0801394503491	0.733737508867
51	gsnap	0.0	0.0
51	last	0.0885072030789	0.740071297521
51	bis1	0.0743589003185	0.561841289293
51	bis2	0.0851252235773	0.628742865229
51	real_R1	0.0	0.0
51	bsmap	0.08141295236	0.611074087893
51	bsmooth	0.0	0.0
52	bwa	0.0794273453654	0.732751775985
52	gsnap	0.0	0.0
52	last	0.0882755044291	0.739731858505
52	bis1	0.0743589003185	0.561841289293
52	bis2	0.0851252235773	0.628742865229
52	real_R1	0.0	0.0
52	bsmap	0.08141295236	0.611074087893
52	bsmooth	0.0	0.0
53	bwa	0.0779311436707	0.730900214027
53	gsnap	0.0	0.0
53	last	0.0881650445948	0.739537540175
53	bis1	0.0743589003185	0.561841289293
53	bis2	0.0851252235773	0.628742865229
53	real_R1	0.0	0.0
53	bsmap	0.08141295236	0.611074087893
53	bsmooth	0.0	0.0
54	bwa	0.0777119545724	0.730480278766
54	gsnap	0.0	0.0
54	last	0.0880051398929	0.739296595335
54	bis1	0.0743589003185	0.561841289293
54	bis2	0.0851252235773	0.628742865229
54	real_R1	0.0	0.0
54	bsmap	0.08141295236	0.611074087893
54	bsmooth	0.0	0.0
55	bwa	0.0774796625843	0.73008862597
55	gsnap	0.0	0.0
55	last	0.0877352203604	0.738924324927
55	bis1	0.0743589003185	0.561841289293
55	bis2	0.0851252235773	0.628742865229
55	real_R1	0.0	0.0
55	bsmap	0.08141295236	0.611074087893
55	bsmooth	0.0	0.0
56	bwa	0.0771276645716	0.729548440791
56	gsnap	0.0	0.0
56	last	0.0876076526019	0.738708102521
56	bis1	0.0743589003185	0.561841289293
56	bis2	0.0851252235773	0.628742865229
56	real_R1	0.0	0.0
56	bsmap	0.08141295236	0.611074087893
56	bsmooth	0.0	0.0
57	bwa	0.0769843239003	0.729252513258
57	gsnap	0.0	0.0
57	last	0.0874493301358	0.738457515931
57	bis1	0.0743589003185	0.561841289293
57	bis2	0.0851252235773	0.628742865229
57	real_R1	0.0	0.0
57	bsmap	0.08141295236	0.611074087893
57	bsmooth	0.0	0.0
58	bwa	0.0767956422854	0.728841428628
58	gsnap	0.0	0.0
58	last	0.0872181753796	0.738110264626
58	bis1	0.0743589003185	0.561841289293
58	bis2	0.0851252235773	0.628742865229
58	real_R1	0.0	0.0
58	bsmap	0.08141295236	0.611074087893
58	bsmooth	0.0	0.0
59	bwa	0.0766083945716	0.72847098768
59	gsnap	0.0	0.0
59	last	0.0870750324878	0.737882917125
59	bis1	0.0743589003185	0.561841289293
59	bis2	0.0851252235773	0.628742865229
59	real_R1	0.0	0.0
59	bsmap	0.08141295236	0.611074087893
59	bsmooth	0.0	0.0
60	bwa	0.0764064617322	0.728066281438
60	gsnap	0.0	0.0
60	last	0.0869026676792	0.737615865394
60	bis1	0.0743589003185	0.561841289293
60	bis2	0.0851252235773	0.628742865229
60	real_R1	0.0	0.0
60	bsmap	0.08141295236	0.611074087893
60	bsmooth	0.0	0.0
61	bwa	0.0	0.0
61	gsnap	0.0	0.0
61	last	0.0865922528001	0.737217488096
61	bis1	0.0743589003185	0.561841289293
61	bis2	0.0851252235773	0.628742865229
61	real_R1	0.0	0.0
61	bsmap	0.08141295236	0.611074087893
61	bsmooth	0.0	0.0
62	bwa	0.0	0.0
62	gsnap	0.0	0.0
62	last	0.0864292330715	0.736975949917
62	bis1	0.0743589003185	0.561841289293
62	bis2	0.0851252235773	0.628742865229
62	real_R1	0.0	0.0
62	bsmap	0.08141295236	0.611074087893
62	bsmooth	0.0	0.0
63	bwa	0.0	0.0
63	gsnap	0.0	0.0
63	last	0.0862395625593	0.736690554141
63	bis1	0.0743589003185	0.561841289293
63	bis2	0.0851252235773	0.628742865229
63	real_R1	0.0	0.0
63	bsmap	0.08141295236	0.611074087893
63	bsmooth	0.0	0.0
64	bwa	0.0	0.0
64	gsnap	0.0	0.0
64	last	0.0859575784791	0.736260284903
64	bis1	0.0743589003185	0.561841289293
64	bis2	0.0851252235773	0.628742865229
64	real_R1	0.0	0.0
64	bsmap	0.08141295236	0.611074087893
64	bsmooth	0.0	0.0
65	bwa	0.0	0.0
65	gsnap	0.0	0.0
65	last	0.0857937181878	0.735996595424
65	bis1	0.0743589003185	0.561841289293
65	bis2	0.0851252235773	0.628742865229
65	real_R1	0.0	0.0
65	bsmap	0.08141295236	0.611074087893
65	bsmooth	0.0	0.0
66	bwa	0.0	0.0
66	gsnap	0.0	0.0
66	last	0.0855656290134	0.735647217989
66	bis1	0.0743589003185	0.561841289293
66	bis2	0.0851252235773	0.628742865229
66	real_R1	0.0	0.0
66	bsmap	0.08141295236	0.611074087893
66	bsmooth	0.0	0.0
67	bwa	0.0	0.0
67	gsnap	0.0	0.0
67	last	0.0851860902094	0.735100555533
67	bis1	0.0743589003185	0.561841289293
67	bis2	0.0851252235773	0.628742865229
67	real_R1	0.0	0.0
67	bsmap	0.08141295236	0.611074087893
67	bsmooth	0.0	0.0
68	bwa	0.0	0.0
68	gsnap	0.0	0.0
68	last	0.085003935317	0.734819065901
68	bis1	0.0743589003185	0.561841289293
68	bis2	0.0851252235773	0.628742865229
68	real_R1	0.0	0.0
68	bsmap	0.08141295236	0.611074087893
68	bsmooth	0.0	0.0
69	bwa	0.0	0.0
69	gsnap	0.0	0.0
69	last	0.084778318386	0.734452036649
69	bis1	0.0743589003185	0.561841289293
69	bis2	0.0851252235773	0.628742865229
69	real_R1	0.0	0.0
69	bsmap	0.08141295236	0.611074087893
69	bsmooth	0.0	0.0
70	bwa	0.0	0.0
70	gsnap	0.0	0.0
70	last	0.0843927473081	0.733879366192
70	bis1	0.0743589003185	0.561841289293
70	bis2	0.0851252235773	0.628742865229
70	real_R1	0.0	0.0
70	bsmap	0.08141295236	0.611074087893
70	bsmooth	0.0	0.0
71	bwa	0.0	0.0
71	gsnap	0.0	0.0
71	last	0.0842283431233	0.733614885595
71	bis1	0.0743589003185	0.561841289293
71	bis2	0.0851252235773	0.628742865229
71	real_R1	0.0	0.0
71	bsmap	0.08141295236	0.611074087893
71	bsmooth	0.0	0.0
72	bwa	0.0	0.0
72	gsnap	0.0	0.0
72	last	0.0839432934613	0.733215816068
72	bis1	0.0743589003185	0.561841289293
72	bis2	0.0851252235773	0.628742865229
72	real_R1	0.0	0.0
72	bsmap	0.08141295236	0.611074087893
72	bsmooth	0.0	0.0
73	bwa	0.0	0.0
73	gsnap	0.0	0.0
73	last	0.083526522672	0.732692491589
73	bis1	0.0743589003185	0.561841289293
73	bis2	0.0851252235773	0.628742865229
73	real_R1	0.0	0.0
73	bsmap	0.08141295236	0.611074087893
73	bsmooth	0.0	0.0
74	bwa	0.0	0.0
74	gsnap	0.0	0.0
74	last	0.0833979660161	0.732470583023
74	bis1	0.0743589003185	0.561841289293
74	bis2	0.0851252235773	0.628742865229
74	real_R1	0.0	0.0
74	bsmap	0.08141295236	0.611074087893
74	bsmooth	0.0	0.0
75	bwa	0.0	0.0
75	gsnap	0.0	0.0
75	last	0.0832053288118	0.732189390061
75	bis1	0.0743589003185	0.561841289293
75	bis2	0.0851252235773	0.628742865229
75	real_R1	0.0	0.0
75	bsmap	0.08141295236	0.611074087893
75	bsmooth	0.0	0.0
76	bwa	0.0	0.0
76	gsnap	0.0	0.0
76	last	0.0830260911666	0.731896478665
76	bis1	0.0743589003185	0.561841289293
76	bis2	0.0851252235773	0.628742865229
76	real_R1	0.0	0.0
76	bsmap	0.08141295236	0.611074087893
76	bsmooth	0.0	0.0
77	bwa	0.0	0.0
77	gsnap	0.0	0.0
77	last	0.0828841843965	0.731653160471
77	bis1	0.0743589003185	0.561841289293
77	bis2	0.0851252235773	0.628742865229
77	real_R1	0.0	0.0
77	bsmap	0.08141295236	0.611074087893
77	bsmooth	0.0	0.0
78	bwa	0.0	0.0
78	gsnap	0.0	0.0
78	last	0.0826637097317	0.731310705318
78	bis1	0.0743589003185	0.561841289293
78	bis2	0.0851252235773	0.628742865229
78	real_R1	0.0	0.0
78	bsmap	0.08141295236	0.611074087893
78	bsmooth	0.0	0.0
79	bwa	0.0	0.0
79	gsnap	0.0	0.0
79	last	0.082483928193	0.731029265132
79	bis1	0.0743589003185	0.561841289293
79	bis2	0.0851252235773	0.628742865229
79	real_R1	0.0	0.0
79	bsmap	0.08141295236	0.611074087893
79	bsmooth	0.0	0.0
80	bwa	0.0	0.0
80	gsnap	0.0	0.0
80	last	0.0823359397042	0.730784364702
80	bis1	0.0743589003185	0.561841289293
80	bis2	0.0851252235773	0.628742865229
80	real_R1	0.0	0.0
80	bsmap	0.08141295236	0.611074087893
80	bsmooth	0.0	0.0
81	bwa	0.0	0.0
81	gsnap	0.0	0.0
81	last	0.0821067627427	0.730440129534
81	bis1	0.0743589003185	0.561841289293
81	bis2	0.0851252235773	0.628742865229
81	real_R1	0.0	0.0
81	bsmap	0.08141295236	0.611074087893
81	bsmooth	0.0	0.0
82	bwa	0.0	0.0
82	gsnap	0.0	0.0
82	last	0.0819028521085	0.730144647005
82	bis1	0.0743589003185	0.561841289293
82	bis2	0.0851252235773	0.628742865229
82	real_R1	0.0	0.0
82	bsmap	0.08141295236	0.611074087893
82	bsmooth	0.0	0.0
83	bwa	0.0	0.0
83	gsnap	0.0	0.0
83	last	0.0817260372619	0.729869288537
83	bis1	0.0743589003185	0.561841289293
83	bis2	0.0851252235773	0.628742865229
83	real_R1	0.0	0.0
83	bsmap	0.08141295236	0.611074087893
83	bsmooth	0.0	0.0
84	bwa	0.0	0.0
84	gsnap	0.0	0.0
84	last	0.081425264132	0.729436349276
84	bis1	0.0743589003185	0.561841289293
84	bis2	0.0851252235773	0.628742865229
84	real_R1	0.0	0.0
84	bsmap	0.08141295236	0.611074087893
84	bsmooth	0.0	0.0
85	bwa	0.0	0.0
85	gsnap	0.0	0.0
85	last	0.0812316874752	0.729124945499
85	bis1	0.0743589003185	0.561841289293
85	bis2	0.0851252235773	0.628742865229
85	real_R1	0.0	0.0
85	bsmap	0.08141295236	0.611074087893
85	bsmooth	0.0	0.0
86	bwa	0.0	0.0
86	gsnap	0.0	0.0
86	last	0.0810254034874	0.728824914043
86	bis1	0.0743589003185	0.561841289293
86	bis2	0.0851252235773	0.628742865229
86	real_R1	0.0	0.0
86	bsmap	0.08141295236	0.611074087893
86	bsmooth	0.0	0.0
87	bwa	0.0	0.0
87	gsnap	0.0	0.0
87	last	0.0807147413841	0.728385991953
87	bis1	0.0743589003185	0.561841289293
87	bis2	0.0851252235773	0.628742865229
87	real_R1	0.0	0.0
87	bsmap	0.08141295236	0.611074087893
87	bsmooth	0.0	0.0
88	bwa	0.0	0.0
88	gsnap	0.0	0.0
88	last	0.0804970356319	0.728051892982
88	bis1	0.0743589003185	0.561841289293
88	bis2	0.0851252235773	0.628742865229
88	real_R1	0.0	0.0
88	bsmap	0.08141295236	0.611074087893
88	bsmooth	0.0	0.0
89	bwa	0.0	0.0
89	gsnap	0.0	0.0
89	last	0.0802501079629	0.727685457068
89	bis1	0.0743589003185	0.561841289293
89	bis2	0.0851252235773	0.628742865229
89	real_R1	0.0	0.0
89	bsmap	0.08141295236	0.611074087893
89	bsmooth	0.0	0.0
90	bwa	0.0	0.0
90	gsnap	0.0	0.0
90	last	0.079798429097	0.727042228785
90	bis1	0.0743589003185	0.561841289293
90	bis2	0.0851252235773	0.628742865229
90	real_R1	0.0	0.0
90	bsmap	0.08141295236	0.611074087893
90	bsmooth	0.0	0.0
91	bwa	0.0	0.0
91	gsnap	0.0	0.0
91	last	0.0795834922574	0.726712431518
91	bis1	0.0743589003185	0.561841289293
91	bis2	0.0851252235773	0.628742865229
91	real_R1	0.0	0.0
91	bsmap	0.08141295236	0.611074087893
91	bsmooth	0.0	0.0
92	bwa	0.0	0.0
92	gsnap	0.0	0.0
92	last	0.0793520902768	0.726360037946
92	bis1	0.0743589003185	0.561841289293
92	bis2	0.0851252235773	0.628742865229
92	real_R1	0.0	0.0
92	bsmap	0.08141295236	0.611074087893
92	bsmooth	0.0	0.0
93	bwa	0.0	0.0
93	gsnap	0.0	0.0
93	last	0.0789886704997	0.725842498516
93	bis1	0.0743589003185	0.561841289293
93	bis2	0.0851252235773	0.628742865229
93	real_R1	0.0	0.0
93	bsmap	0.08141295236	0.611074087893
93	bsmooth	0.0	0.0
94	bwa	0.0	0.0
94	gsnap	0.0	0.0
94	last	0.0787689869528	0.725494109979
94	bis1	0.0743589003185	0.561841289293
94	bis2	0.0851252235773	0.628742865229
94	real_R1	0.0	0.0
94	bsmap	0.08141295236	0.611074087893
94	bsmooth	0.0	0.0
95	bwa	0.0	0.0
95	gsnap	0.0	0.0
95	last	0.0785285365615	0.725141765852
95	bis1	0.0743589003185	0.561841289293
95	bis2	0.0851252235773	0.628742865229
95	real_R1	0.0	0.0
95	bsmap	0.08141295236	0.611074087893
95	bsmooth	0.0	0.0
96	bwa	0.0	0.0
96	gsnap	0.0	0.0
96	last	0.0780295389573	0.724500465919
96	bis1	0.0743589003185	0.561841289293
96	bis2	0.0851252235773	0.628742865229
96	real_R1	0.0	0.0
96	bsmap	0.08141295236	0.611074087893
96	bsmooth	0.0	0.0
97	bwa	0.0	0.0
97	gsnap	0.0	0.0
97	last	0.0778241449771	0.724148616241
97	bis1	0.0743589003185	0.561841289293
97	bis2	0.0851252235773	0.628742865229
97	real_R1	0.0	0.0
97	bsmap	0.08141295236	0.611074087893
97	bsmooth	0.0	0.0
98	bwa	0.0	0.0
98	gsnap	0.0	0.0
98	last	0.0776957861007	0.72391721426
98	bis1	0.0743589003185	0.561841289293
98	bis2	0.0851252235773	0.628742865229
98	real_R1	0.0	0.0
98	bsmap	0.08141295236	0.611074087893
98	bsmooth	0.0	0.0
99	bwa	0.0	0.0
99	gsnap	0.0	0.0
99	last	0.0775082417178	0.723614760005
99	bis1	0.0743589003185	0.561841289293
99	bis2	0.0851252235773	0.628742865229
99	real_R1	0.0	0.0
99	bsmap	0.08141295236	0.611074087893
99	bsmooth	0.0	0.0
100	bwa	0.0	0.0
100	gsnap	0.0	0.0
100	last	0.0773692521948	0.723372232929
100	bis1	0.0743589003185	0.561841289293
100	bis2	0.0851252235773	0.628742865229
100	real_R1	0.0	0.0
100	bsmap	0.08141295236	0.611074087893
100	bsmooth	0.0	0.0
101	bwa	0.0	0.0
101	gsnap	0.0	0.0
101	last	0.0772274937593	0.723122091344
101	bis1	0.0743589003185	0.561841289293
101	bis2	0.0851252235773	0.628742865229
101	real_R1	0.0	0.0
101	bsmap	0.08141295236	0.611074087893
101	bsmooth	0.0	0.0
102	bwa	0.0	0.0
102	gsnap	0.0	0.0
102	last	0.0770173530719	0.722774296145
102	bis1	0.0743589003185	0.561841289293
102	bis2	0.0851252235773	0.628742865229
102	real_R1	0.0	0.0
102	bsmap	0.08141295236	0.611074087893
102	bsmooth	0.0	0.0
103	bwa	0.0	0.0
103	gsnap	0.0	0.0
103	last	0.0768658045525	0.722510211107
103	bis1	0.0743589003185	0.561841289293
103	bis2	0.0851252235773	0.628742865229
103	real_R1	0.0	0.0
103	bsmap	0.08141295236	0.611074087893
103	bsmooth	0.0	0.0
104	bwa	0.0	0.0
104	gsnap	0.0	0.0
104	last	0.076719942193	0.722268969598
104	bis1	0.0743589003185	0.561841289293
104	bis2	0.0851252235773	0.628742865229
104	real_R1	0.0	0.0
104	bsmap	0.08141295236	0.611074087893
104	bsmooth	0.0	0.0
105	bwa	0.0	0.0
105	gsnap	0.0	0.0
105	last	0.0765081203801	0.721946292391
105	bis1	0.0743589003185	0.561841289293
105	bis2	0.0851252235773	0.628742865229
105	real_R1	0.0	0.0
105	bsmap	0.08141295236	0.611074087893
105	bsmooth	0.0	0.0
106	bwa	0.0	0.0
106	gsnap	0.0	0.0
106	last	0.0763410461723	0.721670538365
106	bis1	0.0743589003185	0.561841289293
106	bis2	0.0851252235773	0.628742865229
106	real_R1	0.0	0.0
106	bsmap	0.08141295236	0.611074087893
106	bsmooth	0.0	0.0
107	bwa	0.0	0.0
107	gsnap	0.0	0.0
107	last	0.0761778781091	0.721411150589
107	bis1	0.0743589003185	0.561841289293
107	bis2	0.0851252235773	0.628742865229
107	real_R1	0.0	0.0
107	bsmap	0.08141295236	0.611074087893
107	bsmooth	0.0	0.0
108	bwa	0.0	0.0
108	gsnap	0.0	0.0
108	last	0.0759363893756	0.721023700606
108	bis1	0.0743589003185	0.561841289293
108	bis2	0.0851252235773	0.628742865229
108	real_R1	0.0	0.0
108	bsmap	0.08141295236	0.611074087893
108	bsmooth	0.0	0.0
109	bwa	0.0	0.0
109	gsnap	0.0	0.0
109	last	0.075761403989	0.72073850261
109	bis1	0.0743589003185	0.561841289293
109	bis2	0.0851252235773	0.628742865229
109	real_R1	0.0	0.0
109	bsmap	0.08141295236	0.611074087893
109	bsmooth	0.0	0.0
110	bwa	0.0	0.0
110	gsnap	0.0	0.0
110	last	0.0755886436215	0.720457111868
110	bis1	0.0743589003185	0.561841289293
110	bis2	0.0851252235773	0.628742865229
110	real_R1	0.0	0.0
110	bsmap	0.08141295236	0.611074087893
110	bsmooth	0.0	0.0
111	bwa	0.0	0.0
111	gsnap	0.0	0.0
111	last	0.0753290086215	0.720078710296
111	bis1	0.0743589003185	0.561841289293
111	bis2	0.0851252235773	0.628742865229
111	real_R1	0.0	0.0
111	bsmap	0.08141295236	0.611074087893
111	bsmooth	0.0	0.0
112	bwa	0.0	0.0
112	gsnap	0.0	0.0
112	last	0.0751346902917	0.7197650815
112	bis1	0.0743589003185	0.561841289293
112	bis2	0.0851252235773	0.628742865229
112	real_R1	0.0	0.0
112	bsmap	0.08141295236	0.611074087893
112	bsmooth	0.0	0.0
113	bwa	0.0	0.0
113	gsnap	0.0	0.0
113	last	0.0749416080836	0.719456149967
113	bis1	0.0743589003185	0.561841289293
113	bis2	0.0851252235773	0.628742865229
113	real_R1	0.0	0.0
113	bsmap	0.08141295236	0.611074087893
113	bsmooth	0.0	0.0
114	bwa	0.0	0.0
114	gsnap	0.0	0.0
114	last	0.0746467683378	0.719015052303
114	bis1	0.0743589003185	0.561841289293
114	bis2	0.0851252235773	0.628742865229
114	real_R1	0.0	0.0
114	bsmap	0.08141295236	0.611074087893
114	bsmooth	0.0	0.0
115	bwa	0.0	0.0
115	gsnap	0.0	0.0
115	last	0.0744372704337	0.718685007812
115	bis1	0.0743589003185	0.561841289293
115	bis2	0.0851252235773	0.628742865229
115	real_R1	0.0	0.0
115	bsmap	0.08141295236	0.611074087893
115	bsmooth	0.0	0.0
116	bwa	0.0	0.0
116	gsnap	0.0	0.0
116	last	0.0742512588416	0.718387992492
116	bis1	0.0743589003185	0.561841289293
116	bis2	0.0851252235773	0.628742865229
116	real_R1	0.0	0.0
116	bsmap	0.08141295236	0.611074087893
116	bsmooth	0.0	0.0
117	bwa	0.0	0.0
117	gsnap	0.0	0.0
117	last	0.0739609185788	0.717952976546
117	bis1	0.0743589003185	0.561841289293
117	bis2	0.0851252235773	0.628742865229
117	real_R1	0.0	0.0
117	bsmap	0.08141295236	0.611074087893
117	bsmooth	0.0	0.0
118	bwa	0.0	0.0
118	gsnap	0.0	0.0
118	last	0.073750926226	0.717612251964
118	bis1	0.0743589003185	0.561841289293
118	bis2	0.0851252235773	0.628742865229
118	real_R1	0.0	0.0
118	bsmap	0.08141295236	0.611074087893
118	bsmooth	0.0	0.0
119	bwa	0.0	0.0
119	gsnap	0.0	0.0
119	last	0.0735552728847	0.717316917769
119	bis1	0.0743589003185	0.561841289293
119	bis2	0.0851252235773	0.628742865229
119	real_R1	0.0	0.0
119	bsmap	0.08141295236	0.611074087893
119	bsmooth	0.0	0.0
120	bwa	0.0	0.0
120	gsnap	0.0	0.0
120	last	0.0732574170021	0.716878984576
120	bis1	0.0743589003185	0.561841289293
120	bis2	0.0851252235773	0.628742865229
120	real_R1	0.0	0.0
120	bsmap	0.08141295236	0.611074087893
120	bsmooth	0.0	0.0
121	bwa	0.0	0.0
121	gsnap	0.0	0.0
121	last	0.0730695759499	0.716542759477
121	bis1	0.0743589003185	0.561841289293
121	bis2	0.0851252235773	0.628742865229
121	real_R1	0.0	0.0
121	bsmap	0.08141295236	0.611074087893
121	bsmooth	0.0	0.0
122	bwa	0.0	0.0
122	gsnap	0.0	0.0
122	last	0.0729231696969	0.716278822773
122	bis1	0.0743589003185	0.561841289293
122	bis2	0.0851252235773	0.628742865229
122	real_R1	0.0	0.0
122	bsmap	0.08141295236	0.611074087893
122	bsmooth	0.0	0.0
123	bwa	0.0	0.0
123	gsnap	0.0	0.0
123	last	0.0727310763861	0.715948086053
123	bis1	0.0743589003185	0.561841289293
123	bis2	0.0851252235773	0.628742865229
123	real_R1	0.0	0.0
123	bsmap	0.08141295236	0.611074087893
123	bsmooth	0.0	0.0
124	bwa	0.0	0.0
124	gsnap	0.0	0.0
124	last	0.0725740394865	0.715656262445
124	bis1	0.0743589003185	0.561841289293
124	bis2	0.0851252235773	0.628742865229
124	real_R1	0.0	0.0
124	bsmap	0.08141295236	0.611074087893
124	bsmooth	0.0	0.0
125	bwa	0.0	0.0
125	gsnap	0.0	0.0
125	last	0.0724288693551	0.71540013803
125	bis1	0.0743589003185	0.561841289293
125	bis2	0.0851252235773	0.628742865229
125	real_R1	0.0	0.0
125	bsmap	0.08141295236	0.611074087893
125	bsmooth	0.0	0.0
126	bwa	0.0	0.0
126	gsnap	0.0	0.0
126	last	0.0721933140057	0.714989053401
126	bis1	0.0743589003185	0.561841289293
126	bis2	0.0851252235773	0.628742865229
126	real_R1	0.0	0.0
126	bsmap	0.08141295236	0.611074087893
126	bsmooth	0.0	0.0
127	bwa	0.0	0.0
127	gsnap	0.0	0.0
127	last	0.0720320742923	0.714686945259
127	bis1	0.0743589003185	0.561841289293
127	bis2	0.0851252235773	0.628742865229
127	real_R1	0.0	0.0
127	bsmap	0.08141295236	0.611074087893
127	bsmooth	0.0	0.0
128	bwa	0.0	0.0
128	gsnap	0.0	0.0
128	last	0.0719187466557	0.714482095173
128	bis1	0.0743589003185	0.561841289293
128	bis2	0.0851252235773	0.628742865229
128	real_R1	0.0	0.0
128	bsmap	0.08141295236	0.611074087893
128	bsmooth	0.0	0.0
129	bwa	0.0	0.0
129	gsnap	0.0	0.0
129	last	0.0716295930697	0.713975483059
129	bis1	0.0743589003185	0.561841289293
129	bis2	0.0851252235773	0.628742865229
129	real_R1	0.0	0.0
129	bsmap	0.08141295236	0.611074087893
129	bsmooth	0.0	0.0
130	bwa	0.0	0.0
130	gsnap	0.0	0.0
130	last	0.0714463009454	0.713642372986
130	bis1	0.0743589003185	0.561841289293
130	bis2	0.0851252235773	0.628742865229
130	real_R1	0.0	0.0
130	bsmap	0.08141295236	0.611074087893
130	bsmooth	0.0	0.0
131	bwa	0.0	0.0
131	gsnap	0.0	0.0
131	last	0.0714289952417	0.713596685928
131	bis1	0.0743589003185	0.561841289293
131	bis2	0.0851252235773	0.628742865229
131	real_R1	0.0	0.0
131	bsmap	0.08141295236	0.611074087893
131	bsmooth	0.0	0.0
132	bwa	0.0	0.0
132	gsnap	0.0	0.0
132	last	0.0710873312063	0.712997166908
132	bis1	0.0743589003185	0.561841289293
132	bis2	0.0851252235773	0.628742865229
132	real_R1	0.0	0.0
132	bsmap	0.08141295236	0.611074087893
132	bsmooth	0.0	0.0
133	bwa	0.0	0.0
133	gsnap	0.0	0.0
133	last	0.0707225764178	0.712369909317
133	bis1	0.0743589003185	0.561841289293
133	bis2	0.0851252235773	0.628742865229
133	real_R1	0.0	0.0
133	bsmap	0.08141295236	0.611074087893
133	bsmooth	0.0	0.0
134	bwa	0.0	0.0
134	gsnap	0.0	0.0
134	last	0.070721735855	0.712369711538
134	bis1	0.0743589003185	0.561841289293
134	bis2	0.0851252235773	0.628742865229
134	real_R1	0.0	0.0
134	bsmap	0.08141295236	0.611074087893
134	bsmooth	0.0	0.0
135	bwa	0.0	0.0
135	gsnap	0.0	0.0
135	last	0.0706719943182	0.712225629193
135	bis1	0.0743589003185	0.561841289293
135	bis2	0.0851252235773	0.628742865229
135	real_R1	0.0	0.0
135	bsmap	0.08141295236	0.611074087893
135	bsmooth	0.0	0.0
136	bwa	0.0	0.0
136	gsnap	0.0	0.0
136	last	0.0696874975587	0.710600870843
136	bis1	0.0743589003185	0.561841289293
136	bis2	0.0851252235773	0.628742865229
136	real_R1	0.0	0.0
136	bsmap	0.08141295236	0.611074087893
136	bsmooth	0.0	0.0
137	bwa	0.0	0.0
137	gsnap	0.0	0.0
137	last	0.0696874975587	0.710600870843
137	bis1	0.0743589003185	0.561841289293
137	bis2	0.0851252235773	0.628742865229
137	real_R1	0.0	0.0
137	bsmap	0.08141295236	0.611074087893
137	bsmooth	0.0	0.0
138	bwa	0.0	0.0
138	gsnap	0.0	0.0
138	last	0.0696823552924	0.71059617358
138	bis1	0.0743589003185	0.561841289293
138	bis2	0.0851252235773	0.628742865229
138	real_R1	0.0	0.0
138	bsmap	0.08141295236	0.611074087893
138	bsmooth	0.0	0.0
139	bwa	0.0	0.0
139	gsnap	0.0	0.0
139	last	0.0695389651763	0.710083430303
139	bis1	0.0743589003185	0.561841289293
139	bis2	0.0851252235773	0.628742865229
139	real_R1	0.0	0.0
139	bsmap	0.08141295236	0.611074087893
139	bsmooth	0.0	0.0
140	bwa	0.0	0.0
140	gsnap	0.0	0.0
140	last	0.0695389651763	0.710083430303
140	bis1	0.0743589003185	0.561841289293
140	bis2	0.0851252235773	0.628742865229
140	real_R1	0.0	0.0
140	bsmap	0.08141295236	0.611074087893
140	bsmooth	0.0	0.0
141	bwa	0.0	0.0
141	gsnap	0.0	0.0
141	last	0.0695389651763	0.710083430303
141	bis1	0.0743589003185	0.561841289293
141	bis2	0.0851252235773	0.628742865229
141	real_R1	0.0	0.0
141	bsmap	0.08141295236	0.611074087893
141	bsmooth	0.0	0.0
142	bwa	0.0	0.0
142	gsnap	0.0	0.0
142	last	0.0695126110618	0.710053417268
142	bis1	0.0743589003185	0.561841289293
142	bis2	0.0851252235773	0.628742865229
142	real_R1	0.0	0.0
142	bsmap	0.08141295236	0.611074087893
142	bsmooth	0.0	0.0
143	bwa	0.0	0.0
143	gsnap	0.0	0.0
143	last	0.0695126110618	0.710053417268
143	bis1	0.0743589003185	0.561841289293
143	bis2	0.0851252235773	0.628742865229
143	real_R1	0.0	0.0
143	bsmap	0.08141295236	0.611074087893
143	bsmooth	0.0	0.0
144	bwa	0.0	0.0
144	gsnap	0.0	0.0
144	last	0.0695126110618	0.710053417268
144	bis1	0.0743589003185	0.561841289293
144	bis2	0.0851252235773	0.628742865229
144	real_R1	0.0	0.0
144	bsmap	0.08141295236	0.611074087893
144	bsmooth	0.0	0.0
145	bwa	0.0	0.0
145	gsnap	0.0	0.0
145	last	0.0695126110618	0.710053417268
145	bis1	0.0743589003185	0.561841289293
145	bis2	0.0851252235773	0.628742865229
145	real_R1	0.0	0.0
145	bsmap	0.08141295236	0.611074087893
145	bsmooth	0.0	0.0
146	bwa	0.0	0.0
146	gsnap	0.0	0.0
146	last	0.0695126110618	0.710053417268
146	bis1	0.0743589003185	0.561841289293
146	bis2	0.0851252235773	0.628742865229
146	real_R1	0.0	0.0
146	bsmap	0.08141295236	0.611074087893
146	bsmooth	0.0	0.0
147	bwa	0.0	0.0
147	gsnap	0.0	0.0
147	last	0.0695126110618	0.710053417268
147	bis1	0.0743589003185	0.561841289293
147	bis2	0.0851252235773	0.628742865229
147	real_R1	0.0	0.0
147	bsmap	0.08141295236	0.611074087893
147	bsmooth	0.0	0.0
148	bwa	0.0	0.0
148	gsnap	0.0	0.0
148	last	0.0695126110618	0.710053417268
148	bis1	0.0743589003185	0.561841289293
148	bis2	0.0851252235773	0.628742865229
148	real_R1	0.0	0.0
148	bsmap	0.08141295236	0.611074087893
148	bsmooth	0.0	0.0
149	bwa	0.0	0.0
149	gsnap	0.0	0.0
149	last	0.0695126110618	0.710053417268
149	bis1	0.0743589003185	0.561841289293
149	bis2	0.0851252235773	0.628742865229
149	real_R1	0.0	0.0
149	bsmap	0.08141295236	0.611074087893
149	bsmooth	0.0	0.0
150	bwa	0.0	0.0
150	gsnap	0.0	0.0
150	last	0.0695126110618	0.710053417268
150	bis1	0.0743589003185	0.561841289293
150	bis2	0.0851252235773	0.628742865229
150	real_R1	0.0	0.0
150	bsmap	0.08141295236	0.611074087893
150	bsmooth	0.0	0.0
151	bwa	0.0	0.0
151	gsnap	0.0	0.0
151	last	0.0695126110618	0.710053417268
151	bis1	0.0743589003185	0.561841289293
151	bis2	0.0851252235773	0.628742865229
151	real_R1	0.0	0.0
151	bsmap	0.08141295236	0.611074087893
151	bsmooth	0.0	0.0
152	bwa	0.0	0.0
152	gsnap	0.0	0.0
152	last	0.0695126110618	0.710053417268
152	bis1	0.0743589003185	0.561841289293
152	bis2	0.0851252235773	0.628742865229
152	real_R1	0.0	0.0
152	bsmap	0.08141295236	0.611074087893
152	bsmooth	0.0	0.0
153	bwa	0.0	0.0
153	gsnap	0.0	0.0
153	last	0.0695126110618	0.710053417268
153	bis1	0.0743589003185	0.561841289293
153	bis2	0.0851252235773	0.628742865229
153	real_R1	0.0	0.0
153	bsmap	0.08141295236	0.611074087893
153	bsmooth	0.0	0.0
154	bwa	0.0	0.0
154	gsnap	0.0	0.0
154	last	0.0695126110618	0.710053417268
154	bis1	0.0743589003185	0.561841289293
154	bis2	0.0851252235773	0.628742865229
154	real_R1	0.0	0.0
154	bsmap	0.08141295236	0.611074087893
154	bsmooth	0.0	0.0
155	bwa	0.0	0.0
155	gsnap	0.0	0.0
155	last	0.0695126110618	0.710053417268
155	bis1	0.0743589003185	0.561841289293
155	bis2	0.0851252235773	0.628742865229
155	real_R1	0.0	0.0
155	bsmap	0.08141295236	0.611074087893
155	bsmooth	0.0	0.0
156	bwa	0.0	0.0
156	gsnap	0.0	0.0
156	last	0.0695126110618	0.710053417268
156	bis1	0.0743589003185	0.561841289293
156	bis2	0.0851252235773	0.628742865229
156	real_R1	0.0	0.0
156	bsmap	0.08141295236	0.611074087893
156	bsmooth	0.0	0.0
157	bwa	0.0	0.0
157	gsnap	0.0	0.0
157	last	0.0695126110618	0.710053417268
157	bis1	0.0743589003185	0.561841289293
157	bis2	0.0851252235773	0.628742865229
157	real_R1	0.0	0.0
157	bsmap	0.08141295236	0.611074087893
157	bsmooth	0.0	0.0
158	bwa	0.0	0.0
158	gsnap	0.0	0.0
158	last	0.0695126110618	0.710053417268
158	bis1	0.0743589003185	0.561841289293
158	bis2	0.0851252235773	0.628742865229
158	real_R1	0.0	0.0
158	bsmap	0.08141295236	0.611074087893
158	bsmooth	0.0	0.0
159	bwa	0.0	0.0
159	gsnap	0.0	0.0
159	last	0.0695126110618	0.710053417268
159	bis1	0.0743589003185	0.561841289293
159	bis2	0.0851252235773	0.628742865229
159	real_R1	0.0	0.0
159	bsmap	0.08141295236	0.611074087893
159	bsmooth	0.0	0.0
160	bwa	0.0	0.0
160	gsnap	0.0	0.0
160	last	0.0695126110618	0.710053417268
160	bis1	0.0743589003185	0.561841289293
160	bis2	0.0851252235773	0.628742865229
160	real_R1	0.0	0.0
160	bsmap	0.08141295236	0.611074087893
160	bsmooth	0.0	0.0
161	bwa	0.0	0.0
161	gsnap	0.0	0.0
161	last	0.0695126110618	0.710053417268
161	bis1	0.0743589003185	0.561841289293
161	bis2	0.0851252235773	0.628742865229
161	real_R1	0.0	0.0
161	bsmap	0.08141295236	0.611074087893
161	bsmooth	0.0	0.0
162	bwa	0.0	0.0
162	gsnap	0.0	0.0
162	last	0.0695126110618	0.710053417268
162	bis1	0.0743589003185	0.561841289293
162	bis2	0.0851252235773	0.628742865229
162	real_R1	0.0	0.0
162	bsmap	0.08141295236	0.611074087893
162	bsmooth	0.0	0.0
163	bwa	0.0	0.0
163	gsnap	0.0	0.0
163	last	0.0695126110618	0.710053417268
163	bis1	0.0743589003185	0.561841289293
163	bis2	0.0851252235773	0.628742865229
163	real_R1	0.0	0.0
163	bsmap	0.08141295236	0.611074087893
163	bsmooth	0.0	0.0
164	bwa	0.0	0.0
164	gsnap	0.0	0.0
164	last	0.0695126110618	0.710053417268
164	bis1	0.0743589003185	0.561841289293
164	bis2	0.0851252235773	0.628742865229
164	real_R1	0.0	0.0
164	bsmap	0.08141295236	0.611074087893
164	bsmooth	0.0	0.0
165	bwa	0.0	0.0
165	gsnap	0.0	0.0
165	last	0.0695126110618	0.710053417268
165	bis1	0.0743589003185	0.561841289293
165	bis2	0.0851252235773	0.628742865229
165	real_R1	0.0	0.0
165	bsmap	0.08141295236	0.611074087893
165	bsmooth	0.0	0.0
166	bwa	0.0	0.0
166	gsnap	0.0	0.0
166	last	0.0695126110618	0.710053417268
166	bis1	0.0743589003185	0.561841289293
166	bis2	0.0851252235773	0.628742865229
166	real_R1	0.0	0.0
166	bsmap	0.08141295236	0.611074087893
166	bsmooth	0.0	0.0
167	bwa	0.0	0.0
167	gsnap	0.0	0.0
167	last	0.0695126110618	0.710053417268
167	bis1	0.0743589003185	0.561841289293
167	bis2	0.0851252235773	0.628742865229
167	real_R1	0.0	0.0
167	bsmap	0.08141295236	0.611074087893
167	bsmooth	0.0	0.0
168	bwa	0.0	0.0
168	gsnap	0.0	0.0
168	last	0.0695126110618	0.710053417268
168	bis1	0.0743589003185	0.561841289293
168	bis2	0.0851252235773	0.628742865229
168	real_R1	0.0	0.0
168	bsmap	0.08141295236	0.611074087893
168	bsmooth	0.0	0.0
169	bwa	0.0	0.0
169	gsnap	0.0	0.0
169	last	0.0695126110618	0.710053417268
169	bis1	0.0743589003185	0.561841289293
169	bis2	0.0851252235773	0.628742865229
169	real_R1	0.0	0.0
169	bsmap	0.08141295236	0.611074087893
169	bsmooth	0.0	0.0
170	bwa	0.0	0.0
170	gsnap	0.0	0.0
170	last	0.0695126110618	0.710053417268
170	bis1	0.0743589003185	0.561841289293
170	bis2	0.0851252235773	0.628742865229
170	real_R1	0.0	0.0
170	bsmap	0.08141295236	0.611074087893
170	bsmooth	0.0	0.0
171	bwa	0.0	0.0
171	gsnap	0.0	0.0
171	last	0.0695126110618	0.710053417268
171	bis1	0.0743589003185	0.561841289293
171	bis2	0.0851252235773	0.628742865229
171	real_R1	0.0	0.0
171	bsmap	0.08141295236	0.611074087893
171	bsmooth	0.0	0.0
172	bwa	0.0	0.0
172	gsnap	0.0	0.0
172	last	0.0695126110618	0.710053417268
172	bis1	0.0743589003185	0.561841289293
172	bis2	0.0851252235773	0.628742865229
172	real_R1	0.0	0.0
172	bsmap	0.08141295236	0.611074087893
172	bsmooth	0.0	0.0
173	bwa	0.0	0.0
173	gsnap	0.0	0.0
173	last	0.0695126110618	0.710053417268
173	bis1	0.0743589003185	0.561841289293
173	bis2	0.0851252235773	0.628742865229
173	real_R1	0.0	0.0
173	bsmap	0.08141295236	0.611074087893
173	bsmooth	0.0	0.0
174	bwa	0.0	0.0
174	gsnap	0.0	0.0
174	last	0.0695126110618	0.710053417268
174	bis1	0.0743589003185	0.561841289293
174	bis2	0.0851252235773	0.628742865229
174	real_R1	0.0	0.0
174	bsmap	0.08141295236	0.611074087893
174	bsmooth	0.0	0.0
175	bwa	0.0	0.0
175	gsnap	0.0	0.0
175	last	0.0695126110618	0.710053417268
175	bis1	0.0743589003185	0.561841289293
175	bis2	0.0851252235773	0.628742865229
175	real_R1	0.0	0.0
175	bsmap	0.08141295236	0.611074087893
175	bsmooth	0.0	0.0
176	bwa	0.0	0.0
176	gsnap	0.0	0.0
176	last	0.0695126110618	0.710053417268
176	bis1	0.0743589003185	0.561841289293
176	bis2	0.0851252235773	0.628742865229
176	real_R1	0.0	0.0
176	bsmap	0.08141295236	0.611074087893
176	bsmooth	0.0	0.0
177	bwa	0.0	0.0
177	gsnap	0.0	0.0
177	last	0.0695126110618	0.710053417268
177	bis1	0.0743589003185	0.561841289293
177	bis2	0.0851252235773	0.628742865229
177	real_R1	0.0	0.0
177	bsmap	0.08141295236	0.611074087893
177	bsmooth	0.0	0.0
178	bwa	0.0	0.0
178	gsnap	0.0	0.0
178	last	0.0695126110618	0.710053417268
178	bis1	0.0743589003185	0.561841289293
178	bis2	0.0851252235773	0.628742865229
178	real_R1	0.0	0.0
178	bsmap	0.08141295236	0.611074087893
178	bsmooth	0.0	0.0
179	bwa	0.0	0.0
179	gsnap	0.0	0.0
179	last	0.0695126110618	0.710053417268
179	bis1	0.0743589003185	0.561841289293
179	bis2	0.0851252235773	0.628742865229
179	real_R1	0.0	0.0
179	bsmap	0.08141295236	0.611074087893
179	bsmooth	0.0	0.0
180	bwa	0.0	0.0
180	gsnap	0.0	0.0
180	last	0.0695126110618	0.710053417268
180	bis1	0.0743589003185	0.561841289293
180	bis2	0.0851252235773	0.628742865229
180	real_R1	0.0	0.0
180	bsmap	0.08141295236	0.611074087893
180	bsmooth	0.0	0.0
181	bwa	0.0	0.0
181	gsnap	0.0	0.0
181	last	0.0695126110618	0.710053417268
181	bis1	0.0743589003185	0.561841289293
181	bis2	0.0851252235773	0.628742865229
181	real_R1	0.0	0.0
181	bsmap	0.08141295236	0.611074087893
181	bsmooth	0.0	0.0
182	bwa	0.0	0.0
182	gsnap	0.0	0.0
182	last	0.0695126110618	0.710053417268
182	bis1	0.0743589003185	0.561841289293
182	bis2	0.0851252235773	0.628742865229
182	real_R1	0.0	0.0
182	bsmap	0.08141295236	0.611074087893
182	bsmooth	0.0	0.0
183	bwa	0.0	0.0
183	gsnap	0.0	0.0
183	last	0.0695126110618	0.710053417268
183	bis1	0.0743589003185	0.561841289293
183	bis2	0.0851252235773	0.628742865229
183	real_R1	0.0	0.0
183	bsmap	0.08141295236	0.611074087893
183	bsmooth	0.0	0.0
184	bwa	0.0	0.0
184	gsnap	0.0	0.0
184	last	0.0695126110618	0.710053417268
184	bis1	0.0743589003185	0.561841289293
184	bis2	0.0851252235773	0.628742865229
184	real_R1	0.0	0.0
184	bsmap	0.08141295236	0.611074087893
184	bsmooth	0.0	0.0
185	bwa	0.0	0.0
185	gsnap	0.0	0.0
185	last	0.0695126110618	0.710053417268
185	bis1	0.0743589003185	0.561841289293
185	bis2	0.0851252235773	0.628742865229
185	real_R1	0.0	0.0
185	bsmap	0.08141295236	0.611074087893
185	bsmooth	0.0	0.0
186	bwa	0.0	0.0
186	gsnap	0.0	0.0
186	last	0.0695126110618	0.710053417268
186	bis1	0.0743589003185	0.561841289293
186	bis2	0.0851252235773	0.628742865229
186	real_R1	0.0	0.0
186	bsmap	0.08141295236	0.611074087893
186	bsmooth	0.0	0.0
187	bwa	0.0	0.0
187	gsnap	0.0	0.0
187	last	0.0695126110618	0.710053417268
187	bis1	0.0743589003185	0.561841289293
187	bis2	0.0851252235773	0.628742865229
187	real_R1	0.0	0.0
187	bsmap	0.08141295236	0.611074087893
187	bsmooth	0.0	0.0
188	bwa	0.0	0.0
188	gsnap	0.0	0.0
188	last	0.0695126110618	0.710053417268
188	bis1	0.0743589003185	0.561841289293
188	bis2	0.0851252235773	0.628742865229
188	real_R1	0.0	0.0
188	bsmap	0.08141295236	0.611074087893
188	bsmooth	0.0	0.0
189	bwa	0.0	0.0
189	gsnap	0.0	0.0
189	last	0.0695126110618	0.710053417268
189	bis1	0.0743589003185	0.561841289293
189	bis2	0.0851252235773	0.628742865229
189	real_R1	0.0	0.0
189	bsmap	0.08141295236	0.611074087893
189	bsmooth	0.0	0.0
190	bwa	0.0	0.0
190	gsnap	0.0	0.0
190	last	0.0695126110618	0.710053417268
190	bis1	0.0743589003185	0.561841289293
190	bis2	0.0851252235773	0.628742865229
190	real_R1	0.0	0.0
190	bsmap	0.08141295236	0.611074087893
190	bsmooth	0.0	0.0
191	bwa	0.0	0.0
191	gsnap	0.0	0.0
191	last	0.0695126110618	0.710053417268
191	bis1	0.0743589003185	0.561841289293
191	bis2	0.0851252235773	0.628742865229
191	real_R1	0.0	0.0
191	bsmap	0.08141295236	0.611074087893
191	bsmooth	0.0	0.0
192	bwa	0.0	0.0
192	gsnap	0.0	0.0
192	last	0.0695126110618	0.710053417268
192	bis1	0.0743589003185	0.561841289293
192	bis2	0.0851252235773	0.628742865229
192	real_R1	0.0	0.0
192	bsmap	0.08141295236	0.611074087893
192	bsmooth	0.0	0.0
193	bwa	0.0	0.0
193	gsnap	0.0	0.0
193	last	0.0695126110618	0.710053417268
193	bis1	0.0743589003185	0.561841289293
193	bis2	0.0851252235773	0.628742865229
193	real_R1	0.0	0.0
193	bsmap	0.08141295236	0.611074087893
193	bsmooth	0.0	0.0
194	bwa	0.0	0.0
194	gsnap	0.0	0.0
194	last	0.0695126110618	0.710053417268
194	bis1	0.0743589003185	0.561841289293
194	bis2	0.0851252235773	0.628742865229
194	real_R1	0.0	0.0
194	bsmap	0.08141295236	0.611074087893
194	bsmooth	0.0	0.0
195	bwa	0.0	0.0
195	gsnap	0.0	0.0
195	last	0.0695126110618	0.710053417268
195	bis1	0.0743589003185	0.561841289293
195	bis2	0.0851252235773	0.628742865229
195	real_R1	0.0	0.0
195	bsmap	0.08141295236	0.611074087893
195	bsmooth	0.0	0.0
196	bwa	0.0	0.0
196	gsnap	0.0	0.0
196	last	0.0695126110618	0.710053417268
196	bis1	0.0743589003185	0.561841289293
196	bis2	0.0851252235773	0.628742865229
196	real_R1	0.0	0.0
196	bsmap	0.08141295236	0.611074087893
196	bsmooth	0.0	0.0
197	bwa	0.0	0.0
197	gsnap	0.0	0.0
197	last	0.0695126110618	0.710053417268
197	bis1	0.0743589003185	0.561841289293
197	bis2	0.0851252235773	0.628742865229
197	real_R1	0.0	0.0
197	bsmap	0.08141295236	0.611074087893
197	bsmooth	0.0	0.0
198	bwa	0.0	0.0
198	gsnap	0.0	0.0
198	last	0.0695126110618	0.710053417268
198	bis1	0.0743589003185	0.561841289293
198	bis2	0.0851252235773	0.628742865229
198	real_R1	0.0	0.0
198	bsmap	0.08141295236	0.611074087893
198	bsmooth	0.0	0.0
199	bwa	0.0	0.0
199	gsnap	0.0	0.0
199	last	0.0695126110618	0.710053417268
199	bis1	0.0743589003185	0.561841289293
199	bis2	0.0851252235773	0.628742865229
199	real_R1	0.0	0.0
199	bsmap	0.08141295236	0.611074087893
199	bsmooth	0.0	0.0
200	bwa	0.0	0.0
200	gsnap	0.0	0.0
200	last	0.0695126110618	0.710053417268
200	bis1	0.0743589003185	0.561841289293
200	bis2	0.0851252235773	0.628742865229
200	real_R1	0.0	0.0
200	bsmap	0.08141295236	0.611074087893
200	bsmooth	0.0	0.0
201	bwa	0.0	0.0
201	gsnap	0.0	0.0
201	last	0.0695126110618	0.710053417268
201	bis1	0.0743589003185	0.561841289293
201	bis2	0.0851252235773	0.628742865229
201	real_R1	0.0	0.0
201	bsmap	0.08141295236	0.611074087893
201	bsmooth	0.0	0.0
202	bwa	0.0	0.0
202	gsnap	0.0	0.0
202	last	0.0695126110618	0.710053417268
202	bis1	0.0743589003185	0.561841289293
202	bis2	0.0851252235773	0.628742865229
202	real_R1	0.0	0.0
202	bsmap	0.08141295236	0.611074087893
202	bsmooth	0.0	0.0
203	bwa	0.0	0.0
203	gsnap	0.0	0.0
203	last	0.0695126110618	0.710053417268
203	bis1	0.0743589003185	0.561841289293
203	bis2	0.0851252235773	0.628742865229
203	real_R1	0.0	0.0
203	bsmap	0.08141295236	0.611074087893
203	bsmooth	0.0	0.0
204	bwa	0.0	0.0
204	gsnap	0.0	0.0
204	last	0.0695126110618	0.710053417268
204	bis1	0.0743589003185	0.561841289293
204	bis2	0.0851252235773	0.628742865229
204	real_R1	0.0	0.0
204	bsmap	0.08141295236	0.611074087893
204	bsmooth	0.0	0.0
205	bwa	0.0	0.0
205	gsnap	0.0	0.0
205	last	0.0695126110618	0.710053417268
205	bis1	0.0743589003185	0.561841289293
205	bis2	0.0851252235773	0.628742865229
205	real_R1	0.0	0.0
205	bsmap	0.08141295236	0.611074087893
205	bsmooth	0.0	0.0
206	bwa	0.0	0.0
206	gsnap	0.0	0.0
206	last	0.0695126110618	0.710053417268
206	bis1	0.0743589003185	0.561841289293
206	bis2	0.0851252235773	0.628742865229
206	real_R1	0.0	0.0
206	bsmap	0.08141295236	0.611074087893
206	bsmooth	0.0	0.0
207	bwa	0.0	0.0
207	gsnap	0.0	0.0
207	last	0.0695126110618	0.710053417268
207	bis1	0.0743589003185	0.561841289293
207	bis2	0.0851252235773	0.628742865229
207	real_R1	0.0	0.0
207	bsmap	0.08141295236	0.611074087893
207	bsmooth	0.0	0.0
208	bwa	0.0	0.0
208	gsnap	0.0	0.0
208	last	0.0695126110618	0.710053417268
208	bis1	0.0743589003185	0.561841289293
208	bis2	0.0851252235773	0.628742865229
208	real_R1	0.0	0.0
208	bsmap	0.08141295236	0.611074087893
208	bsmooth	0.0	0.0
209	bwa	0.0	0.0
209	gsnap	0.0	0.0
209	last	0.0695126110618	0.710053417268
209	bis1	0.0743589003185	0.561841289293
209	bis2	0.0851252235773	0.628742865229
209	real_R1	0.0	0.0
209	bsmap	0.08141295236	0.611074087893
209	bsmooth	0.0	0.0
210	bwa	0.0	0.0
210	gsnap	0.0	0.0
210	last	0.0695126110618	0.710053417268
210	bis1	0.0743589003185	0.561841289293
210	bis2	0.0851252235773	0.628742865229
210	real_R1	0.0	0.0
210	bsmap	0.08141295236	0.611074087893
210	bsmooth	0.0	0.0
211	bwa	0.0	0.0
211	gsnap	0.0	0.0
211	last	0.0695126110618	0.710053417268
211	bis1	0.0743589003185	0.561841289293
211	bis2	0.0851252235773	0.628742865229
211	real_R1	0.0	0.0
211	bsmap	0.08141295236	0.611074087893
211	bsmooth	0.0	0.0
212	bwa	0.0	0.0
212	gsnap	0.0	0.0
212	last	0.0695126110618	0.710053417268
212	bis1	0.0743589003185	0.561841289293
212	bis2	0.0851252235773	0.628742865229
212	real_R1	0.0	0.0
212	bsmap	0.08141295236	0.611074087893
212	bsmooth	0.0	0.0
213	bwa	0.0	0.0
213	gsnap	0.0	0.0
213	last	0.0695126110618	0.710053417268
213	bis1	0.0743589003185	0.561841289293
213	bis2	0.0851252235773	0.628742865229
213	real_R1	0.0	0.0
213	bsmap	0.08141295236	0.611074087893
213	bsmooth	0.0	0.0
214	bwa	0.0	0.0
214	gsnap	0.0	0.0
214	last	0.0695126110618	0.710053417268
214	bis1	0.0743589003185	0.561841289293
214	bis2	0.0851252235773	0.628742865229
214	real_R1	0.0	0.0
214	bsmap	0.08141295236	0.611074087893
214	bsmooth	0.0	0.0
215	bwa	0.0	0.0
215	gsnap	0.0	0.0
215	last	0.0695126110618	0.710053417268
215	bis1	0.0743589003185	0.561841289293
215	bis2	0.0851252235773	0.628742865229
215	real_R1	0.0	0.0
215	bsmap	0.08141295236	0.611074087893
215	bsmooth	0.0	0.0
216	bwa	0.0	0.0
216	gsnap	0.0	0.0
216	last	0.0695126110618	0.710053417268
216	bis1	0.0743589003185	0.561841289293
216	bis2	0.0851252235773	0.628742865229
216	real_R1	0.0	0.0
216	bsmap	0.08141295236	0.611074087893
216	bsmooth	0.0	0.0
217	bwa	0.0	0.0
217	gsnap	0.0	0.0
217	last	0.0695126110618	0.710053417268
217	bis1	0.0743589003185	0.561841289293
217	bis2	0.0851252235773	0.628742865229
217	real_R1	0.0	0.0
217	bsmap	0.08141295236	0.611074087893
217	bsmooth	0.0	0.0
218	bwa	0.0	0.0
218	gsnap	0.0	0.0
218	last	0.0695126110618	0.710053417268
218	bis1	0.0743589003185	0.561841289293
218	bis2	0.0851252235773	0.628742865229
218	real_R1	0.0	0.0
218	bsmap	0.08141295236	0.611074087893
218	bsmooth	0.0	0.0
219	bwa	0.0	0.0
219	gsnap	0.0	0.0
219	last	0.0695126110618	0.710053417268
219	bis1	0.0743589003185	0.561841289293
219	bis2	0.0851252235773	0.628742865229
219	real_R1	0.0	0.0
219	bsmap	0.08141295236	0.611074087893
219	bsmooth	0.0	0.0
220	bwa	0.0	0.0
220	gsnap	0.0	0.0
220	last	0.0695126110618	0.710053417268
220	bis1	0.0743589003185	0.561841289293
220	bis2	0.0851252235773	0.628742865229
220	real_R1	0.0	0.0
220	bsmap	0.08141295236	0.611074087893
220	bsmooth	0.0	0.0
221	bwa	0.0	0.0
221	gsnap	0.0	0.0
221	last	0.0695126110618	0.710053417268
221	bis1	0.0743589003185	0.561841289293
221	bis2	0.0851252235773	0.628742865229
221	real_R1	0.0	0.0
221	bsmap	0.08141295236	0.611074087893
221	bsmooth	0.0	0.0
222	bwa	0.0	0.0
222	gsnap	0.0	0.0
222	last	0.0695126110618	0.710053417268
222	bis1	0.0743589003185	0.561841289293
222	bis2	0.0851252235773	0.628742865229
222	real_R1	0.0	0.0
222	bsmap	0.08141295236	0.611074087893
222	bsmooth	0.0	0.0
223	bwa	0.0	0.0
223	gsnap	0.0	0.0
223	last	0.0695126110618	0.710053417268
223	bis1	0.0743589003185	0.561841289293
223	bis2	0.0851252235773	0.628742865229
223	real_R1	0.0	0.0
223	bsmap	0.08141295236	0.611074087893
223	bsmooth	0.0	0.0
224	bwa	0.0	0.0
224	gsnap	0.0	0.0
224	last	0.0695126110618	0.710053417268
224	bis1	0.0743589003185	0.561841289293
224	bis2	0.0851252235773	0.628742865229
224	real_R1	0.0	0.0
224	bsmap	0.08141295236	0.611074087893
224	bsmooth	0.0	0.0
225	bwa	0.0	0.0
225	gsnap	0.0	0.0
225	last	0.0695126110618	0.710053417268
225	bis1	0.0743589003185	0.561841289293
225	bis2	0.0851252235773	0.628742865229
225	real_R1	0.0	0.0
225	bsmap	0.08141295236	0.611074087893
225	bsmooth	0.0	0.0
226	bwa	0.0	0.0
226	gsnap	0.0	0.0
226	last	0.0695126110618	0.710053417268
226	bis1	0.0743589003185	0.561841289293
226	bis2	0.0851252235773	0.628742865229
226	real_R1	0.0	0.0
226	bsmap	0.08141295236	0.611074087893
226	bsmooth	0.0	0.0
227	bwa	0.0	0.0
227	gsnap	0.0	0.0
227	last	0.0695126110618	0.710053417268
227	bis1	0.0743589003185	0.561841289293
227	bis2	0.0851252235773	0.628742865229
227	real_R1	0.0	0.0
227	bsmap	0.08141295236	0.611074087893
227	bsmooth	0.0	0.0
228	bwa	0.0	0.0
228	gsnap	0.0	0.0
228	last	0.0695126110618	0.710053417268
228	bis1	0.0743589003185	0.561841289293
228	bis2	0.0851252235773	0.628742865229
228	real_R1	0.0	0.0
228	bsmap	0.08141295236	0.611074087893
228	bsmooth	0.0	0.0
229	bwa	0.0	0.0
229	gsnap	0.0	0.0
229	last	0.0695126110618	0.710053417268
229	bis1	0.0743589003185	0.561841289293
229	bis2	0.0851252235773	0.628742865229
229	real_R1	0.0	0.0
229	bsmap	0.08141295236	0.611074087893
229	bsmooth	0.0	0.0
230	bwa	0.0	0.0
230	gsnap	0.0	0.0
230	last	0.0695126110618	0.710053417268
230	bis1	0.0743589003185	0.561841289293
230	bis2	0.0851252235773	0.628742865229
230	real_R1	0.0	0.0
230	bsmap	0.08141295236	0.611074087893
230	bsmooth	0.0	0.0
231	bwa	0.0	0.0
231	gsnap	0.0	0.0
231	last	0.0695126110618	0.710053417268
231	bis1	0.0743589003185	0.561841289293
231	bis2	0.0851252235773	0.628742865229
231	real_R1	0.0	0.0
231	bsmap	0.08141295236	0.611074087893
231	bsmooth	0.0	0.0
232	bwa	0.0	0.0
232	gsnap	0.0	0.0
232	last	0.0695126110618	0.710053417268
232	bis1	0.0743589003185	0.561841289293
232	bis2	0.0851252235773	0.628742865229
232	real_R1	0.0	0.0
232	bsmap	0.08141295236	0.611074087893
232	bsmooth	0.0	0.0
233	bwa	0.0	0.0
233	gsnap	0.0	0.0
233	last	0.0695126110618	0.710053417268
233	bis1	0.0743589003185	0.561841289293
233	bis2	0.0851252235773	0.628742865229
233	real_R1	0.0	0.0
233	bsmap	0.08141295236	0.611074087893
233	bsmooth	0.0	0.0
234	bwa	0.0	0.0
234	gsnap	0.0	0.0
234	last	0.0695126110618	0.710053417268
234	bis1	0.0743589003185	0.561841289293
234	bis2	0.0851252235773	0.628742865229
234	real_R1	0.0	0.0
234	bsmap	0.08141295236	0.611074087893
234	bsmooth	0.0	0.0
235	bwa	0.0	0.0
235	gsnap	0.0	0.0
235	last	0.0695126110618	0.710053417268
235	bis1	0.0743589003185	0.561841289293
235	bis2	0.0851252235773	0.628742865229
235	real_R1	0.0	0.0
235	bsmap	0.08141295236	0.611074087893
235	bsmooth	0.0	0.0
236	bwa	0.0	0.0
236	gsnap	0.0	0.0
236	last	0.0695126110618	0.710053417268
236	bis1	0.0743589003185	0.561841289293
236	bis2	0.0851252235773	0.628742865229
236	real_R1	0.0	0.0
236	bsmap	0.08141295236	0.611074087893
236	bsmooth	0.0	0.0
237	bwa	0.0	0.0
237	gsnap	0.0	0.0
237	last	0.0695126110618	0.710053417268
237	bis1	0.0743589003185	0.561841289293
237	bis2	0.0851252235773	0.628742865229
237	real_R1	0.0	0.0
237	bsmap	0.08141295236	0.611074087893
237	bsmooth	0.0	0.0
238	bwa	0.0	0.0
238	gsnap	0.0	0.0
238	last	0.0695126110618	0.710053417268
238	bis1	0.0743589003185	0.561841289293
238	bis2	0.0851252235773	0.628742865229
238	real_R1	0.0	0.0
238	bsmap	0.08141295236	0.611074087893
238	bsmooth	0.0	0.0
239	bwa	0.0	0.0
239	gsnap	0.0	0.0
239	last	0.0695126110618	0.710053417268
239	bis1	0.0743589003185	0.561841289293
239	bis2	0.0851252235773	0.628742865229
239	real_R1	0.0	0.0
239	bsmap	0.08141295236	0.611074087893
239	bsmooth	0.0	0.0
240	bwa	0.0	0.0
240	gsnap	0.0	0.0
240	last	0.0695126110618	0.710053417268
240	bis1	0.0743589003185	0.561841289293
240	bis2	0.0851252235773	0.628742865229
240	real_R1	0.0	0.0
240	bsmap	0.08141295236	0.611074087893
240	bsmooth	0.0	0.0
241	bwa	0.0	0.0
241	gsnap	0.0	0.0
241	last	0.0695126110618	0.710053417268
241	bis1	0.0743589003185	0.561841289293
241	bis2	0.0851252235773	0.628742865229
241	real_R1	0.0	0.0
241	bsmap	0.08141295236	0.611074087893
241	bsmooth	0.0	0.0
242	bwa	0.0	0.0
242	gsnap	0.0	0.0
242	last	0.0695126110618	0.710053417268
242	bis1	0.0743589003185	0.561841289293
242	bis2	0.0851252235773	0.628742865229
242	real_R1	0.0	0.0
242	bsmap	0.08141295236	0.611074087893
242	bsmooth	0.0	0.0
243	bwa	0.0	0.0
243	gsnap	0.0	0.0
243	last	0.0695126110618	0.710053417268
243	bis1	0.0743589003185	0.561841289293
243	bis2	0.0851252235773	0.628742865229
243	real_R1	0.0	0.0
243	bsmap	0.08141295236	0.611074087893
243	bsmooth	0.0	0.0
244	bwa	0.0	0.0
244	gsnap	0.0	0.0
244	last	0.0695126110618	0.710053417268
244	bis1	0.0743589003185	0.561841289293
244	bis2	0.0851252235773	0.628742865229
244	real_R1	0.0	0.0
244	bsmap	0.08141295236	0.611074087893
244	bsmooth	0.0	0.0
245	bwa	0.0	0.0
245	gsnap	0.0	0.0
245	last	0.0695126110618	0.710053417268
245	bis1	0.0743589003185	0.561841289293
245	bis2	0.0851252235773	0.628742865229
245	real_R1	0.0	0.0
245	bsmap	0.08141295236	0.611074087893
245	bsmooth	0.0	0.0
246	bwa	0.0	0.0
246	gsnap	0.0	0.0
246	last	0.0695126110618	0.710053417268
246	bis1	0.0743589003185	0.561841289293
246	bis2	0.0851252235773	0.628742865229
246	real_R1	0.0	0.0
246	bsmap	0.08141295236	0.611074087893
246	bsmooth	0.0	0.0
247	bwa	0.0	0.0
247	gsnap	0.0	0.0
247	last	0.0695126110618	0.710053417268
247	bis1	0.0743589003185	0.561841289293
247	bis2	0.0851252235773	0.628742865229
247	real_R1	0.0	0.0
247	bsmap	0.08141295236	0.611074087893
247	bsmooth	0.0	0.0
248	bwa	0.0	0.0
248	gsnap	0.0	0.0
248	last	0.0695126110618	0.710053417268
248	bis1	0.0743589003185	0.561841289293
248	bis2	0.0851252235773	0.628742865229
248	real_R1	0.0	0.0
248	bsmap	0.08141295236	0.611074087893
248	bsmooth	0.0	0.0
249	bwa	0.0	0.0
249	gsnap	0.0	0.0
249	last	0.0695126110618	0.710053417268
249	bis1	0.0743589003185	0.561841289293
249	bis2	0.0851252235773	0.628742865229
249	real_R1	0.0	0.0
249	bsmap	0.08141295236	0.611074087893
249	bsmooth	0.0	0.0
250	bwa	0.0	0.0
250	gsnap	0.0	0.0
250	last	0.0695126110618	0.710053417268
250	bis1	0.0743589003185	0.561841289293
250	bis2	0.0851252235773	0.628742865229
250	real_R1	0.0	0.0
250	bsmap	0.08141295236	0.611074087893
250	bsmooth	0.0	0.0
251	bwa	0.0	0.0
251	gsnap	0.0	0.0
251	last	0.0695126110618	0.710053417268
251	bis1	0.0743589003185	0.561841289293
251	bis2	0.0851252235773	0.628742865229
251	real_R1	0.0	0.0
251	bsmap	0.08141295236	0.611074087893
251	bsmooth	0.0	0.0
252	bwa	0.0	0.0
252	gsnap	0.0	0.0
252	last	0.0695126110618	0.710053417268
252	bis1	0.0743589003185	0.561841289293
252	bis2	0.0851252235773	0.628742865229
252	real_R1	0.0	0.0
252	bsmap	0.08141295236	0.611074087893
252	bsmooth	0.0	0.0
253	bwa	0.0	0.0
253	gsnap	0.0	0.0
253	last	0.0695126110618	0.710053417268
253	bis1	0.0743589003185	0.561841289293
253	bis2	0.0851252235773	0.628742865229
253	real_R1	0.0	0.0
253	bsmap	0.08141295236	0.611074087893
253	bsmooth	0.0	0.0
254	bwa	0.0	0.0
254	gsnap	0.0	0.0
254	last	0.0695126110618	0.710053417268
254	bis1	0.0743589003185	0.561841289293
254	bis2	0.0851252235773	0.628742865229
254	real_R1	0.0	0.0
254	bsmap	0.08141295236	0.611074087893
254	bsmooth	0.0	0.0
255	bwa	0.0	0.0
255	gsnap	0.0	0.0
255	last	0.0	0.0
255	bis1	0.0743589003185	0.561841289293
255	bis2	0.0851252235773	0.628742865229
255	real_R1	0.0	0.0
255	bsmap	0.08141295236	0.611074087893
255	bsmooth	0.0	0.0
