qual	method	off	on
0	bwa	0.162565676382	0.831354187135
0	gsnap	0.107581648557	0.751157430184
0	last	0.10678682231	0.761464015064
0	bis1	0.0823214523579	0.649470005408
0	bis2	0.0983901443325	0.730518054645
0	real_R1.trim	0.13718478526	0.800056030924
0	bsmap	0.0916778057713	0.689502152483
0	bsmooth	0.151824471115	0.833391414571
1	bwa	0.11363963374	0.768958175872
1	gsnap	0.107581648557	0.751157430184
1	last	0.10678682231	0.761464015064
1	bis1	0.0823214523579	0.649470005408
1	bis2	0.0983901443325	0.730518054645
1	real_R1.trim	0.136607466986	0.799967030162
1	bsmap	0.0916778057713	0.689502152483
1	bsmooth	0.149552825562	0.831489171623
2	bwa	0.113141674478	0.76854249287
2	gsnap	0.107581648557	0.751157430184
2	last	0.10678682231	0.761464015064
2	bis1	0.0823214523579	0.649470005408
2	bis2	0.0983901443325	0.730518054645
2	real_R1.trim	0.112059870219	0.76408014301
2	bsmap	0.0916778057713	0.689502152483
2	bsmooth	0.122623271741	0.792053774656
3	bwa	0.1127002307	0.768217788424
3	gsnap	0.107581648557	0.751157430184
3	last	0.10678682231	0.761464015064
3	bis1	0.0823214523579	0.649470005408
3	bis2	0.0983901443325	0.730518054645
3	real_R1.trim	0.110594274897	0.763842560421
3	bsmap	0.0916778057713	0.689502152483
3	bsmooth	0.118102082489	0.790381549232
4	bwa	0.112134976973	0.76759923313
4	gsnap	0.107581648557	0.751157430184
4	last	0.10678682231	0.761464015064
4	bis1	0.0823214523579	0.649470005408
4	bis2	0.0983901443325	0.730518054645
4	real_R1.trim	0.110594274897	0.763842560421
4	bsmap	0.0916778057713	0.689502152483
4	bsmooth	0.117526989234	0.789674141511
5	bwa	0.111664954061	0.767168469443
5	gsnap	0.107581648557	0.751157430184
5	last	0.10678682231	0.761464015064
5	bis1	0.0823214523579	0.649470005408
5	bis2	0.0983901443325	0.730518054645
5	real_R1.trim	0.110594274897	0.763842560421
5	bsmap	0.0916778057713	0.689502152483
5	bsmooth	0.117452376929	0.789590184126
6	bwa	0.111194585035	0.766613302469
6	gsnap	0.107581648557	0.751157430184
6	last	0.10678682231	0.761464015064
6	bis1	0.0823214523579	0.649470005408
6	bis2	0.0983901443325	0.730518054645
6	real_R1.trim	0.110594274897	0.763842560421
6	bsmap	0.0916778057713	0.689502152483
6	bsmooth	0.117419347757	0.789555671608
7	bwa	0.110697268557	0.766093290796
7	gsnap	0.107581648557	0.751157430184
7	last	0.10678682231	0.761464015064
7	bis1	0.0823214523579	0.649470005408
7	bis2	0.0983901443325	0.730518054645
7	real_R1.trim	0.110594274897	0.763842560421
7	bsmap	0.0916778057713	0.689502152483
7	bsmooth	0.103348623994	0.766985820102
8	bwa	0.110068230951	0.76541945614
8	gsnap	0.107581648557	0.751157430184
8	last	0.10678682231	0.761464015064
8	bis1	0.0823214523579	0.649470005408
8	bis2	0.0983901443325	0.730518054645
8	real_R1.trim	0.110594274897	0.763842560421
8	bsmap	0.0916778057713	0.689502152483
8	bsmooth	0.101645495528	0.764716449012
9	bwa	0.109455361816	0.764810245926
9	gsnap	0.107581648557	0.751157430184
9	last	0.10678682231	0.761464015064
9	bis1	0.0823214523579	0.649470005408
9	bis2	0.0983901443325	0.730518054645
9	real_R1.trim	0.110594274897	0.763842560421
9	bsmap	0.0916778057713	0.689502152483
9	bsmooth	0.100983132081	0.763436568613
10	bwa	0.108947563026	0.764288602572
10	gsnap	0.107581648557	0.751157430184
10	last	0.10678682231	0.761464015064
10	bis1	0.0823214523579	0.649470005408
10	bis2	0.0983901443325	0.730518054645
10	real_R1.trim	0.110446583078	0.763772002595
10	bsmap	0.0916778057713	0.689502152483
10	bsmooth	0.100983132081	0.763436568613
11	bwa	0.108106851941	0.763302770801
11	gsnap	0.107581648557	0.751157430184
11	last	0.106629340406	0.761266433373
11	bis1	0.0823214523579	0.649470005408
11	bis2	0.0983901443325	0.730518054645
11	real_R1.trim	0.110446583078	0.763772002595
11	bsmap	0.0916778057713	0.689502152483
11	bsmooth	0.100983132081	0.763436568613
12	bwa	0.107400284783	0.762325097434
12	gsnap	0.107581648557	0.751157430184
12	last	0.106364266471	0.760941976151
12	bis1	0.0823214523579	0.649470005408
12	bis2	0.0983901443325	0.730518054645
12	real_R1.trim	0.0881612867849	0.735306592296
12	bsmap	0.0916778057713	0.689502152483
12	bsmooth	0.1000532719	0.762214291485
13	bwa	0.106559178139	0.760995524943
13	gsnap	0.107581648557	0.751157430184
13	last	0.105915405963	0.760369651808
13	bis1	0.0823214523579	0.649470005408
13	bis2	0.0983901443325	0.730518054645
13	real_R1.trim	0.0881310265259	0.735276035368
13	bsmap	0.0916778057713	0.689502152483
13	bsmooth	0.0976651836832	0.757873625445
14	bwa	0.105465507112	0.75927454688
14	gsnap	0.107581648557	0.751157430184
14	last	0.105613446156	0.759994661932
14	bis1	0.0823214523579	0.649470005408
14	bis2	0.0983901443325	0.730518054645
14	real_R1.trim	0.0881310265259	0.735276035368
14	bsmap	0.0916778057713	0.689502152483
14	bsmooth	0.0976651836832	0.757873625445
15	bwa	0.105325380357	0.759192023396
15	gsnap	0.107581648557	0.751157430184
15	last	0.10526080536	0.759563206017
15	bis1	0.0823214523579	0.649470005408
15	bis2	0.0983901443325	0.730518054645
15	real_R1.trim	0.0806460624629	0.726449038708
15	bsmap	0.0916778057713	0.689502152483
15	bsmooth	0.0974468845926	0.757583581851
16	bwa	0.103318709849	0.756819905871
16	gsnap	0.107581648557	0.751157430184
16	last	0.104773625079	0.75890267203
16	bis1	0.0823214523579	0.649470005408
16	bis2	0.0983901443325	0.730518054645
16	real_R1.trim	0.0806460624629	0.726449038708
16	bsmap	0.0916778057713	0.689502152483
16	bsmooth	0.0968378227131	0.756784602235
17	bwa	0.103119397587	0.756704007101
17	gsnap	0.107581648557	0.751157430184
17	last	0.104339845255	0.758347752281
17	bis1	0.0823214523579	0.649470005408
17	bis2	0.0983901443325	0.730518054645
17	real_R1.trim	0.0806352340369	0.726430200213
17	bsmap	0.0916778057713	0.689502152483
17	bsmooth	0.0966572006116	0.756577378795
18	bwa	0.102956674528	0.756579900483
18	gsnap	0.107581648557	0.751157430184
18	last	0.103952691942	0.757794464212
18	bis1	0.0823214523579	0.649470005408
18	bis2	0.0983901443325	0.730518054645
18	real_R1.trim	0.0749026949727	0.71906123381
18	bsmap	0.0916778057713	0.689502152483
18	bsmooth	0.0951739534722	0.754033044796
19	bwa	0.10261224158	0.756322292723
19	gsnap	0.107581648557	0.751157430184
19	last	0.103169930242	0.75669708482
19	bis1	0.0823214523579	0.649470005408
19	bis2	0.0983901443325	0.730518054645
19	real_R1.trim	0.0699689871901	0.712595130689
19	bsmap	0.0916778057713	0.689502152483
19	bsmooth	0.0940074501549	0.752281509805
20	bwa	0.102335300876	0.75604505535
20	gsnap	0.107581648557	0.751157430184
20	last	0.102611648242	0.755854000382
20	bis1	0.0823214523579	0.649470005408
20	bis2	0.0983901443325	0.730518054645
20	real_R1.trim	0.0699657238289	0.712583263921
20	bsmap	0.0916778057713	0.689502152483
20	bsmooth	0.0940074501549	0.752281509805
21	bwa	0.102115567885	0.755898105203
21	gsnap	0.107581648557	0.751157430184
21	last	0.102317105165	0.755404101531
21	bis1	0.0823214523579	0.649470005408
21	bis2	0.0983901443325	0.730518054645
21	real_R1.trim	0.0699655260494	0.712583263921
21	bsmap	0.0916778057713	0.689502152483
21	bsmooth	0.0940074501549	0.752281509805
22	bwa	0.101730194586	0.755445289106
22	gsnap	0.107581648557	0.751157430184
22	last	0.100773386953	0.75307722606
22	bis1	0.0823214523579	0.649470005408
22	bis2	0.0983901443325	0.730518054645
22	real_R1.trim	0.0663933815869	0.707786370087
22	bsmap	0.0916778057713	0.689502152483
22	bsmooth	0.0929503188848	0.750871490515
23	bwa	0.101479904666	0.755177297923
23	gsnap	0.107581648557	0.751157430184
23	last	0.100536199923	0.752700950617
23	bis1	0.0823214523579	0.649470005408
23	bis2	0.0983901443325	0.730518054645
23	real_R1.trim	0.0658132943998	0.707710917219
23	bsmap	0.0916778057713	0.689502152483
23	bsmooth	0.0921316107664	0.750106924526
24	bwa	0.10121715464	0.754877563135
24	gsnap	0.107581648557	0.751157430184
24	last	0.100182965788	0.752157749301
24	bis1	0.0823214523579	0.649470005408
24	bis2	0.0983901443325	0.730518054645
24	real_R1.trim	0.0658132943998	0.707710917219
24	bsmap	0.0916778057713	0.689502152483
24	bsmooth	0.0903328559267	0.745899413515
25	bwa	0.100926369373	0.754509495541
25	gsnap	0.107581648557	0.751157430184
25	last	0.0980542159018	0.749259785609
25	bis1	0.0823214523579	0.649470005408
25	bis2	0.0983901443325	0.730518054645
25	real_R1.trim	0.0657845174868	0.707653857842
25	bsmap	0.0916778057713	0.689502152483
25	bsmooth	0.0875318536199	0.737877478189
26	bwa	0.100543715542	0.754010745161
26	gsnap	0.107581648557	0.751157430184
26	last	0.0978951517626	0.74901275905
26	bis1	0.0823214523579	0.649470005408
26	bis2	0.0983901443325	0.730518054645
26	real_R1.trim	0.0629594355295	0.70431108812
26	bsmap	0.0916778057713	0.689502152483
26	bsmooth	0.0865671842522	0.736784845504
27	bwa	0.100146969925	0.75359812774
27	gsnap	0.107581648557	0.751157430184
27	last	0.0977335164903	0.748776511473
27	bis1	0.0823214523579	0.649470005408
27	bis2	0.0983901443325	0.730518054645
27	real_R1.trim	0.0629594355295	0.70431108812
27	bsmap	0.0916778057713	0.689502152483
27	bsmooth	0.0859286532316	0.736271953892
28	bwa	0.0997495815234	0.753088697269
28	gsnap	0.107581549667	0.751157430184
28	last	0.0974559330034	0.748363795163
28	bis1	0.0823214523579	0.649470005408
28	bis2	0.0983901443325	0.730518054645
28	real_R1.trim	0.0629594355295	0.70431108812
28	bsmap	0.0916778057713	0.689502152483
28	bsmooth	0.0856413785506	0.736058895957
29	bwa	0.099163610397	0.752356369335
29	gsnap	0.107581549667	0.751157430184
29	last	0.0973163995869	0.748133035965
29	bis1	0.0823214523579	0.649470005408
29	bis2	0.0983901443325	0.730518054645
29	real_R1.trim	0.062922994662	0.704225597944
29	bsmap	0.0916778057713	0.689502152483
29	bsmooth	0.0856413785506	0.736058895957
30	bwa	0.0986964552876	0.751659987819
30	gsnap	0.107581549667	0.751157430184
30	last	0.0971472486947	0.747872362623
30	bis1	0.0823214523579	0.649470005408
30	bis2	0.0983901443325	0.730518054645
30	real_R1.trim	0.062922994662	0.704225597944
30	bsmap	0.0916778057713	0.689502152483
30	bsmooth	0.0856413785506	0.736058895957
31	bwa	0.0980737466245	0.750673661599
31	gsnap	0.107581549667	0.751157430184
31	last	0.0966925042471	0.747319173444
31	bis1	0.0823214523579	0.649470005408
31	bis2	0.0983901443325	0.730518054645
31	real_R1.trim	0.062922994662	0.704225597944
31	bsmap	0.0916778057713	0.689502152483
31	bsmooth	0.0820058952127	0.729470911238
32	bwa	0.0970679885719	0.749065467279
32	gsnap	0.107581549667	0.751157430184
32	last	0.0965248367009	0.747062159022
32	bis1	0.0823214523579	0.649470005408
32	bis2	0.0983901443325	0.730518054645
32	real_R1.trim	0.0629111773387	0.70411706646
32	bsmap	0.0916778057713	0.689502152483
32	bsmooth	0.0797554120622	0.725633148947
33	bwa	0.0969923873693	0.749004007309
33	gsnap	0.107581549667	0.751157430184
33	last	0.0963300733673	0.746785959991
33	bis1	0.0823214523579	0.649470005408
33	bis2	0.0983901443325	0.730518054645
33	real_R1.trim	0.0621931884157	0.702759656508
33	bsmap	0.0916778057713	0.689502152483
33	bsmooth	0.0779529983022	0.722872543097
34	bwa	0.0948363933608	0.746261102721
34	gsnap	0.107476627658	0.750884642849
34	last	0.0959908815753	0.746308866464
34	bis1	0.0823214523579	0.649470005408
34	bis2	0.0983901443325	0.730518054645
34	real_R1.trim	0.0607851963649	0.700320244519
34	bsmap	0.0916778057713	0.689502152483
34	bsmooth	0.077903009541	0.722841293941
35	bwa	0.0947215823782	0.746161273534
35	gsnap	0.107476627658	0.750884642849
35	last	0.0957622485073	0.745965620192
35	bis1	0.0823214523579	0.649470005408
35	bis2	0.0983901443325	0.730518054645
35	real_R1.trim	0.0592079545321	0.697361809753
35	bsmap	0.0916778057713	0.689502152483
35	bsmooth	0.0763817392984	0.720701863963
36	bwa	0.0946214565212	0.746053533167
36	gsnap	0.107476627658	0.750884642849
36	last	0.0955148758345	0.745614907746
36	bis1	0.0823214523579	0.649470005408
36	bis2	0.0983901443325	0.730518054645
36	real_R1.trim	0.0579251568861	0.695939280911
36	bsmap	0.0916778057713	0.689502152483
36	bsmooth	0.0749572821066	0.719066277186
37	bwa	0.0944232320468	0.745843590259
37	gsnap	0.107476627658	0.750884642849
37	last	0.0950876721782	0.745045896209
37	bis1	0.0823214523579	0.649470005408
37	bis2	0.0983901443325	0.730518054645
37	real_R1.trim	0.0578374911358	0.695577789484
37	bsmap	0.0916778057713	0.689502152483
37	bsmooth	0.0738186656946	0.717936264181
38	bwa	0.0942424616108	0.745615006636
38	gsnap	0.107406613726	0.750574574084
38	last	0.0948134509422	0.744624131489
38	bis1	0.0823214523579	0.649470005408
38	bis2	0.0983901443325	0.730518054645
38	real_R1.trim	0.0551464542146	0.692522541668
38	bsmap	0.0916778057713	0.689502152483
38	bsmooth	0.0726993327811	0.716981731011
39	bwa	0.0941554880886	0.74555013497
39	gsnap	0.107406613726	0.750574574084
39	last	0.0945450642007	0.744236582616
39	bis1	0.0823214523579	0.649470005408
39	bis2	0.0983901443325	0.730518054645
39	real_R1.trim	0.0525617237588	0.688814720489
39	bsmap	0.0916778057713	0.689502152483
39	bsmooth	0.0719329373327	0.716389727611
40	bwa	0.0937751581667	0.745160262188
40	gsnap	0.107406613726	0.750574574084
40	last	0.0940567466879	0.743496739062
40	bis1	0.0823214523579	0.649470005408
40	bis2	0.0983901443325	0.730518054645
40	real_R1.trim	0.0498822074918	0.681998943264
40	bsmap	0.0916778057713	0.689502152483
40	bsmooth	0.0715299122166	0.716090586162
41	bwa	0.0861691530678	0.735383577955
41	gsnap	0.0	0.0
41	last	0.09375711079	0.743052328591
41	bis1	0.0823214523579	0.649470005408
41	bis2	0.0983901443325	0.730518054645
41	real_R1.trim	0.0432497223918	0.623919172277
41	bsmap	0.0916778057713	0.689502152483
41	bsmooth	0.0660058327144	0.695212342467
42	bwa	0.0858111227812	0.734921021218
42	gsnap	0.0	0.0
42	last	0.0933892409748	0.742509621724
42	bis1	0.0823214523579	0.649470005408
42	bis2	0.0983901443325	0.730518054645
42	real_R1.trim	0.0429658594067	0.622495110644
42	bsmap	0.0916778057713	0.689502152483
42	bsmooth	0.0660058327144	0.695212342467
43	bwa	0.085296055595	0.734226469163
43	gsnap	0.0	0.0
43	last	0.0924786642924	0.741085065643
43	bis1	0.0823214523579	0.649470005408
43	bis2	0.0983901443325	0.730518054645
43	real_R1.trim	0.0419425978709	0.616982749576
43	bsmap	0.0916778057713	0.689502152483
43	bsmooth	0.0	0.0
44	bwa	0.0847141883927	0.733445240254
44	gsnap	0.0	0.0
44	last	0.0921384341582	0.740513482973
44	bis1	0.0823214523579	0.649470005408
44	bis2	0.0983901443325	0.730518054645
44	real_R1.trim	0.0419425978709	0.616982749576
44	bsmap	0.0916778057713	0.689502152483
44	bsmooth	0.0	0.0
45	bwa	0.0842837708199	0.732881519318
45	gsnap	0.0	0.0
45	last	0.0918467094391	0.740087119879
45	bis1	0.0823214523579	0.649470005408
45	bis2	0.0983901443325	0.730518054645
45	real_R1.trim	0.0	0.0
45	bsmap	0.0916778057713	0.689502152483
45	bsmooth	0.0	0.0
46	bwa	0.0831777880206	0.731462204393
46	gsnap	0.0	0.0
46	last	0.0909973455028	0.738817474568
46	bis1	0.0823214523579	0.649470005408
46	bis2	0.0983901443325	0.730518054645
46	real_R1.trim	0.0	0.0
46	bsmap	0.0916778057713	0.689502152483
46	bsmooth	0.0	0.0
47	bwa	0.0829099451726	0.731085286167
47	gsnap	0.0	0.0
47	last	0.0907404299706	0.738412422212
47	bis1	0.0823214523579	0.649470005408
47	bis2	0.0983901443325	0.730518054645
47	real_R1.trim	0.0	0.0
47	bsmap	0.0916778057713	0.689502152483
47	bsmooth	0.0	0.0
48	bwa	0.0825287252431	0.730589551924
48	gsnap	0.0	0.0
48	last	0.0903348337214	0.737826500531
48	bis1	0.0823214523579	0.649470005408
48	bis2	0.0983901443325	0.730518054645
48	real_R1.trim	0.0	0.0
48	bsmap	0.0916778057713	0.689502152483
48	bsmooth	0.0	0.0
49	bwa	0.0821727221961	0.730098663278
49	gsnap	0.0	0.0
49	last	0.0889475096252	0.736021960641
49	bis1	0.0823214523579	0.649470005408
49	bis2	0.0983901443325	0.730518054645
49	real_R1.trim	0.0	0.0
49	bsmap	0.0916778057713	0.689502152483
49	bsmooth	0.0	0.0
50	bwa	0.0816951342196	0.729418252454
50	gsnap	0.0	0.0
50	last	0.0888330942015	0.735812660517
50	bis1	0.0823214523579	0.649470005408
50	bis2	0.0983901443325	0.730518054645
50	real_R1.trim	0.0	0.0
50	bsmap	0.0916778057713	0.689502152483
50	bsmooth	0.0	0.0
51	bwa	0.0810794961726	0.728650917553
51	gsnap	0.0	0.0
51	last	0.0886980108231	0.735591196954
51	bis1	0.0823214523579	0.649470005408
51	bis2	0.0983901443325	0.730518054645
51	real_R1.trim	0.0	0.0
51	bsmap	0.0916778057713	0.689502152483
51	bsmooth	0.0	0.0
52	bwa	0.0803812357518	0.727732874696
52	gsnap	0.0	0.0
52	last	0.0884796622876	0.73524557733
52	bis1	0.0823214523579	0.649470005408
52	bis2	0.0983901443325	0.730518054645
52	real_R1.trim	0.0	0.0
52	bsmap	0.0916778057713	0.689502152483
52	bsmooth	0.0	0.0
53	bwa	0.0789673597617	0.726040327432
53	gsnap	0.0	0.0
53	last	0.0883656918677	0.735047006741
53	bis1	0.0823214523579	0.649470005408
53	bis2	0.0983901443325	0.730518054645
53	real_R1.trim	0.0	0.0
53	bsmap	0.0916778057713	0.689502152483
53	bsmooth	0.0	0.0
54	bwa	0.0786188723346	0.725524320793
54	gsnap	0.0	0.0
54	last	0.0882054904965	0.734809424152
54	bis1	0.0823214523579	0.649470005408
54	bis2	0.0983901443325	0.730518054645
54	real_R1.trim	0.0	0.0
54	bsmap	0.0916778057713	0.689502152483
54	bsmooth	0.0	0.0
55	bwa	0.0783806469624	0.72518572234
55	gsnap	0.0	0.0
55	last	0.0879277092302	0.734424644192
55	bis1	0.0823214523579	0.649470005408
55	bis2	0.0983901443325	0.730518054645
55	real_R1.trim	0.0	0.0
55	bsmap	0.0916778057713	0.689502152483
55	bsmooth	0.0	0.0
56	bwa	0.0780330989877	0.724698591504
56	gsnap	0.0	0.0
56	last	0.0877956914336	0.734209460128
56	bis1	0.0823214523579	0.649470005408
56	bis2	0.0983901443325	0.730518054645
56	real_R1.trim	0.0	0.0
56	bsmap	0.0916778057713	0.689502152483
56	bsmooth	0.0	0.0
57	bwa	0.0779127996248	0.724470502329
57	gsnap	0.0	0.0
57	last	0.0876316333627	0.73396233468
57	bis1	0.0823214523579	0.649470005408
57	bis2	0.0983901443325	0.730518054645
57	real_R1.trim	0.0	0.0
57	bsmap	0.0916778057713	0.689502152483
57	bsmooth	0.0	0.0
58	bwa	0.0777513621319	0.724152472941
58	gsnap	0.0	0.0
58	last	0.0873902929638	0.733599211572
58	bis1	0.0823214523579	0.649470005408
58	bis2	0.0983901443325	0.730518054645
58	real_R1.trim	0.0	0.0
58	bsmap	0.0916778057713	0.689502152483
58	bsmooth	0.0	0.0
59	bwa	0.0775930891106	0.723862726016
59	gsnap	0.0	0.0
59	last	0.0872439361556	0.733378341348
59	bis1	0.0823214523579	0.649470005408
59	bis2	0.0983901443325	0.730518054645
59	real_R1.trim	0.0	0.0
59	bsmap	0.0916778057713	0.689502152483
59	bsmooth	0.0	0.0
60	bwa	0.0774512812302	0.723584697525
60	gsnap	0.0	0.0
60	last	0.0870721152406	0.733114750759
60	bis1	0.0823214523579	0.649470005408
60	bis2	0.0983901443325	0.730518054645
60	real_R1.trim	0.0	0.0
60	bsmap	0.0916778057713	0.689502152483
60	bsmooth	0.0	0.0
61	bwa	0.0	0.0
61	gsnap	0.0	0.0
61	last	0.0867694137609	0.732707077825
61	bis1	0.0823214523579	0.649470005408
61	bis2	0.0983901443325	0.730518054645
61	real_R1.trim	0.0	0.0
61	bsmap	0.0916778057713	0.689502152483
61	bsmooth	0.0	0.0
62	bwa	0.0	0.0
62	gsnap	0.0	0.0
62	last	0.0866086190513	0.732469693016
62	bis1	0.0823214523579	0.649470005408
62	bis2	0.0983901443325	0.730518054645
62	real_R1.trim	0.0	0.0
62	bsmap	0.0916778057713	0.689502152483
62	bsmooth	0.0	0.0
63	bwa	0.0	0.0
63	gsnap	0.0	0.0
63	last	0.0864183057558	0.732189983399
63	bis1	0.0823214523579	0.649470005408
63	bis2	0.0983901443325	0.730518054645
63	real_R1.trim	0.0	0.0
63	bsmap	0.0916778057713	0.689502152483
63	bsmooth	0.0	0.0
64	bwa	0.0	0.0
64	gsnap	0.0	0.0
64	last	0.0861262843675	0.731736969522
64	bis1	0.0823214523579	0.649470005408
64	bis2	0.0983901443325	0.730518054645
64	real_R1.trim	0.0	0.0
64	bsmap	0.0916778057713	0.689502152483
64	bsmooth	0.0	0.0
65	bwa	0.0	0.0
65	gsnap	0.0	0.0
65	last	0.0859631163043	0.731473032819
65	bis1	0.0823214523579	0.649470005408
65	bis2	0.0983901443325	0.730518054645
65	real_R1.trim	0.0	0.0
65	bsmap	0.0916778057713	0.689502152483
65	bsmooth	0.0	0.0
66	bwa	0.0	0.0
66	gsnap	0.0	0.0
66	last	0.0857396255026	0.731124495947
66	bis1	0.0823214523579	0.649470005408
66	bis2	0.0983901443325	0.730518054645
66	real_R1.trim	0.0	0.0
66	bsmap	0.0916778057713	0.689502152483
66	bsmooth	0.0	0.0
67	bwa	0.0	0.0
67	gsnap	0.0	0.0
67	last	0.085344264341	0.730568438965
67	bis1	0.0823214523579	0.649470005408
67	bis2	0.0983901443325	0.730518054645
67	real_R1.trim	0.0	0.0
67	bsmap	0.0916778057713	0.689502152483
67	bsmooth	0.0	0.0
68	bwa	0.0	0.0
68	gsnap	0.0	0.0
68	last	0.0851647794714	0.730283142079
68	bis1	0.0823214523579	0.649470005408
68	bis2	0.0983901443325	0.730518054645
68	real_R1.trim	0.0	0.0
68	bsmap	0.0916778057713	0.689502152483
68	bsmooth	0.0	0.0
69	bwa	0.0	0.0
69	gsnap	0.0	0.0
69	last	0.0849335258255	0.729916063382
69	bis1	0.0823214523579	0.649470005408
69	bis2	0.0983901443325	0.730518054645
69	real_R1.trim	0.0	0.0
69	bsmap	0.0916778057713	0.689502152483
69	bsmooth	0.0	0.0
70	bwa	0.0	0.0
70	gsnap	0.0	0.0
70	last	0.0845282262455	0.729318769381
70	bis1	0.0823214523579	0.649470005408
70	bis2	0.0983901443325	0.730518054645
70	real_R1.trim	0.0	0.0
70	bsmap	0.0916778057713	0.689502152483
70	bsmooth	0.0	0.0
71	bwa	0.0	0.0
71	gsnap	0.0	0.0
71	last	0.0843617453761	0.729054387673
71	bis1	0.0823214523579	0.649470005408
71	bis2	0.0983901443325	0.730518054645
71	real_R1.trim	0.0	0.0
71	bsmap	0.0916778057713	0.689502152483
71	bsmooth	0.0	0.0
72	bwa	0.0	0.0
72	gsnap	0.0	0.0
72	last	0.0840768440488	0.728648099196
72	bis1	0.0823214523579	0.649470005408
72	bis2	0.0983901443325	0.730518054645
72	real_R1.trim	0.0	0.0
72	bsmap	0.0916778057713	0.689502152483
72	bsmooth	0.0	0.0
73	bwa	0.0	0.0
73	gsnap	0.0	0.0
73	last	0.0836577493507	0.72811038626
73	bis1	0.0823214523579	0.649470005408
73	bis2	0.0983901443325	0.730518054645
73	real_R1.trim	0.0	0.0
73	bsmap	0.0916778057713	0.689502152483
73	bsmooth	0.0	0.0
74	bwa	0.0	0.0
74	gsnap	0.0	0.0
74	last	0.0835338899573	0.727892878288
74	bis1	0.0823214523579	0.649470005408
74	bis2	0.0983901443325	0.730518054645
74	real_R1.trim	0.0	0.0
74	bsmap	0.0916778057713	0.689502152483
74	bsmooth	0.0	0.0
75	bwa	0.0	0.0
75	gsnap	0.0	0.0
75	last	0.0833477794755	0.727611883105
75	bis1	0.0823214523579	0.649470005408
75	bis2	0.0983901443325	0.730518054645
75	real_R1.trim	0.0	0.0
75	bsmap	0.0916778057713	0.689502152483
75	bsmooth	0.0	0.0
76	bwa	0.0	0.0
76	gsnap	0.0	0.0
76	last	0.0831591473055	0.727300627663
76	bis1	0.0823214523579	0.649470005408
76	bis2	0.0983901443325	0.730518054645
76	real_R1.trim	0.0	0.0
76	bsmap	0.0916778057713	0.689502152483
76	bsmooth	0.0	0.0
77	bwa	0.0	0.0
77	gsnap	0.0	0.0
77	last	0.0830141255087	0.727062303401
77	bis1	0.0823214523579	0.649470005408
77	bis2	0.0983901443325	0.730518054645
77	real_R1.trim	0.0	0.0
77	bsmap	0.0916778057713	0.689502152483
77	bsmooth	0.0	0.0
78	bwa	0.0	0.0
78	gsnap	0.0	0.0
78	last	0.0827820313	0.726724347731
78	bis1	0.0823214523579	0.649470005408
78	bis2	0.0983901443325	0.730518054645
78	real_R1.trim	0.0	0.0
78	bsmap	0.0916778057713	0.689502152483
78	bsmooth	0.0	0.0
79	bwa	0.0	0.0
79	gsnap	0.0	0.0
79	last	0.0826029419894	0.726437765278
79	bis1	0.0823214523579	0.649470005408
79	bis2	0.0983901443325	0.730518054645
79	real_R1.trim	0.0	0.0
79	bsmap	0.0916778057713	0.689502152483
79	bsmooth	0.0	0.0
80	bwa	0.0	0.0
80	gsnap	0.0	0.0
80	last	0.0824616780026	0.726202308818
80	bis1	0.0823214523579	0.649470005408
80	bis2	0.0983901443325	0.730518054645
80	real_R1.trim	0.0	0.0
80	bsmap	0.0916778057713	0.689502152483
80	bsmooth	0.0	0.0
81	bwa	0.0	0.0
81	gsnap	0.0	0.0
81	last	0.0822358632921	0.725858815323
81	bis1	0.0823214523579	0.649470005408
81	bis2	0.0983901443325	0.730518054645
81	real_R1.trim	0.0	0.0
81	bsmap	0.0916778057713	0.689502152483
81	bsmooth	0.0	0.0
82	bwa	0.0	0.0
82	gsnap	0.0	0.0
82	last	0.082030815426	0.725550477128
82	bis1	0.0823214523579	0.649470005408
82	bis2	0.0983901443325	0.730518054645
82	real_R1.trim	0.0	0.0
82	bsmap	0.0916778057713	0.689502152483
82	bsmooth	0.0	0.0
83	bwa	0.0	0.0
83	gsnap	0.0	0.0
83	last	0.0818523688987	0.725287133763
83	bis1	0.0823214523579	0.649470005408
83	bis2	0.0983901443325	0.730518054645
83	real_R1.trim	0.0	0.0
83	bsmap	0.0916778057713	0.689502152483
83	bsmooth	0.0	0.0
84	bwa	0.0	0.0
84	gsnap	0.0	0.0
84	last	0.0815476401794	0.724860325666
84	bis1	0.0823214523579	0.649470005408
84	bis2	0.0983901443325	0.730518054645
84	real_R1.trim	0.0	0.0
84	bsmap	0.0916778057713	0.689502152483
84	bsmooth	0.0	0.0
85	bwa	0.0	0.0
85	gsnap	0.0	0.0
85	last	0.0813422956441	0.72454669687
85	bis1	0.0823214523579	0.649470005408
85	bis2	0.0983901443325	0.730518054645
85	real_R1.trim	0.0	0.0
85	bsmap	0.0916778057713	0.689502152483
85	bsmooth	0.0	0.0
86	bwa	0.0	0.0
86	gsnap	0.0	0.0
86	last	0.0811363083255	0.724251758235
86	bis1	0.0823214523579	0.649470005408
86	bis2	0.0983901443325	0.730518054645
86	real_R1.trim	0.0	0.0
86	bsmap	0.0916778057713	0.689502152483
86	bsmooth	0.0	0.0
87	bwa	0.0	0.0
87	gsnap	0.0	0.0
87	last	0.0808151144654	0.723797013787
87	bis1	0.0823214523579	0.649470005408
87	bis2	0.0983901443325	0.730518054645
87	real_R1.trim	0.0	0.0
87	bsmap	0.0916778057713	0.689502152483
87	bsmooth	0.0	0.0
88	bwa	0.0	0.0
88	gsnap	0.0	0.0
88	last	0.0805897447587	0.723452333615
88	bis1	0.0823214523579	0.649470005408
88	bis2	0.0983901443325	0.730518054645
88	real_R1.trim	0.0	0.0
88	bsmap	0.0916778057713	0.689502152483
88	bsmooth	0.0	0.0
89	bwa	0.0	0.0
89	gsnap	0.0	0.0
89	last	0.0803417293026	0.723087578826
89	bis1	0.0823214523579	0.649470005408
89	bis2	0.0983901443325	0.730518054645
89	real_R1.trim	0.0	0.0
89	bsmap	0.0916778057713	0.689502152483
89	bsmooth	0.0	0.0
90	bwa	0.0	0.0
90	gsnap	0.0	0.0
90	last	0.0798900998816	0.722431742102
90	bis1	0.0823214523579	0.649470005408
90	bis2	0.0983901443325	0.730518054645
90	real_R1.trim	0.0	0.0
90	bsmap	0.0916778057713	0.689502152483
90	bsmooth	0.0	0.0
91	bwa	0.0	0.0
91	gsnap	0.0	0.0
91	last	0.0796717513461	0.722093736987
91	bis1	0.0823214523579	0.649470005408
91	bis2	0.0983901443325	0.730518054645
91	real_R1.trim	0.0	0.0
91	bsmap	0.0916778057713	0.689502152483
91	bsmooth	0.0	0.0
92	bwa	0.0	0.0
92	gsnap	0.0	0.0
92	last	0.0794410910386	0.721744013438
92	bis1	0.0823214523579	0.649470005408
92	bis2	0.0983901443325	0.730518054645
92	real_R1.trim	0.0	0.0
92	bsmap	0.0916778057713	0.689502152483
92	bsmooth	0.0	0.0
93	bwa	0.0	0.0
93	gsnap	0.0	0.0
93	last	0.0790625905768	0.721214360016
93	bis1	0.0823214523579	0.649470005408
93	bis2	0.0983901443325	0.730518054645
93	real_R1.trim	0.0	0.0
93	bsmap	0.0916778057713	0.689502152483
93	bsmooth	0.0	0.0
94	bwa	0.0	0.0
94	gsnap	0.0	0.0
94	last	0.0788309413719	0.720842237942
94	bis1	0.0823214523579	0.649470005408
94	bis2	0.0983901443325	0.730518054645
94	real_R1.trim	0.0	0.0
94	bsmap	0.0916778057713	0.689502152483
94	bsmooth	0.0	0.0
95	bwa	0.0	0.0
95	gsnap	0.0	0.0
95	last	0.0785962265853	0.720493750515
95	bis1	0.0823214523579	0.649470005408
95	bis2	0.0983901443325	0.730518054645
95	real_R1.trim	0.0	0.0
95	bsmap	0.0916778057713	0.689502152483
95	bsmooth	0.0	0.0
96	bwa	0.0	0.0
96	gsnap	0.0	0.0
96	last	0.0780851149885	0.719853785593
96	bis1	0.0823214523579	0.649470005408
96	bis2	0.0983901443325	0.730518054645
96	real_R1.trim	0.0	0.0
96	bsmap	0.0916778057713	0.689502152483
96	bsmooth	0.0	0.0
97	bwa	0.0	0.0
97	gsnap	0.0	0.0
97	last	0.0778671620119	0.71947577958
97	bis1	0.0823214523579	0.649470005408
97	bis2	0.0983901443325	0.730518054645
97	real_R1.trim	0.0	0.0
97	bsmap	0.0916778057713	0.689502152483
97	bsmooth	0.0	0.0
98	bwa	0.0	0.0
98	gsnap	0.0	0.0
98	last	0.0777458737516	0.719257678269
98	bis1	0.0823214523579	0.649470005408
98	bis2	0.0983901443325	0.730518054645
98	real_R1.trim	0.0	0.0
98	bsmap	0.0916778057713	0.689502152483
98	bsmooth	0.0	0.0
99	bwa	0.0	0.0
99	gsnap	0.0	0.0
99	last	0.0775583788135	0.718946768941
99	bis1	0.0823214523579	0.649470005408
99	bis2	0.0983901443325	0.730518054645
99	real_R1.trim	0.0	0.0
99	bsmap	0.0916778057713	0.689502152483
99	bsmooth	0.0	0.0
100	bwa	0.0	0.0
100	gsnap	0.0	0.0
100	last	0.0774075719673	0.718674673834
100	bis1	0.0823214523579	0.649470005408
100	bis2	0.0983901443325	0.730518054645
100	real_R1.trim	0.0	0.0
100	bsmap	0.0916778057713	0.689502152483
100	bsmooth	0.0	0.0
101	bwa	0.0	0.0
101	gsnap	0.0	0.0
101	last	0.0772708569082	0.718439316265
101	bis1	0.0823214523579	0.649470005408
101	bis2	0.0983901443325	0.730518054645
101	real_R1.trim	0.0	0.0
101	bsmap	0.0916778057713	0.689502152483
101	bsmooth	0.0	0.0
102	bwa	0.0	0.0
102	gsnap	0.0	0.0
102	last	0.0770546345021	0.71808627991
102	bis1	0.0823214523579	0.649470005408
102	bis2	0.0983901443325	0.730518054645
102	real_R1.trim	0.0	0.0
102	bsmap	0.0916778057713	0.689502152483
102	bsmooth	0.0	0.0
103	bwa	0.0	0.0
103	gsnap	0.0	0.0
103	last	0.0768948781347	0.717809635875
103	bis1	0.0823214523579	0.649470005408
103	bis2	0.0983901443325	0.730518054645
103	real_R1.trim	0.0	0.0
103	bsmap	0.0916778057713	0.689502152483
103	bsmooth	0.0	0.0
104	bwa	0.0	0.0
104	gsnap	0.0	0.0
104	last	0.0767528724749	0.71757991502
104	bis1	0.0823214523579	0.649470005408
104	bis2	0.0983901443325	0.730518054645
104	real_R1.trim	0.0	0.0
104	bsmap	0.0916778057713	0.689502152483
104	bsmooth	0.0	0.0
105	bwa	0.0	0.0
105	gsnap	0.0	0.0
105	last	0.0765319528063	0.717245024932
105	bis1	0.0823214523579	0.649470005408
105	bis2	0.0983901443325	0.730518054645
105	real_R1.trim	0.0	0.0
105	bsmap	0.0916778057713	0.689502152483
105	bsmooth	0.0	0.0
106	bwa	0.0	0.0
106	gsnap	0.0	0.0
106	last	0.0763558796326	0.716950926859
106	bis1	0.0823214523579	0.649470005408
106	bis2	0.0983901443325	0.730518054645
106	real_R1.trim	0.0	0.0
106	bsmap	0.0916778057713	0.689502152483
106	bsmooth	0.0	0.0
107	bwa	0.0	0.0
107	gsnap	0.0	0.0
107	last	0.0761909315542	0.716689561289
107	bis1	0.0823214523579	0.649470005408
107	bis2	0.0983901443325	0.730518054645
107	real_R1.trim	0.0	0.0
107	bsmap	0.0916778057713	0.689502152483
107	bsmooth	0.0	0.0
108	bwa	0.0	0.0
108	gsnap	0.0	0.0
108	last	0.0759476133605	0.716308489694
108	bis1	0.0823214523579	0.649470005408
108	bis2	0.0983901443325	0.730518054645
108	real_R1.trim	0.0	0.0
108	bsmap	0.0916778057713	0.689502152483
108	bsmooth	0.0	0.0
109	bwa	0.0	0.0
109	gsnap	0.0	0.0
109	last	0.0757662001412	0.71600178318
109	bis1	0.0823214523579	0.649470005408
109	bis2	0.0983901443325	0.730518054645
109	real_R1.trim	0.0	0.0
109	bsmap	0.0916778057713	0.689502152483
109	bsmooth	0.0	0.0
110	bwa	0.0	0.0
110	gsnap	0.0	0.0
110	last	0.0755913630892	0.715731121974
110	bis1	0.0823214523579	0.649470005408
110	bis2	0.0983901443325	0.730518054645
110	real_R1.trim	0.0	0.0
110	bsmap	0.0916778057713	0.689502152483
110	bsmooth	0.0	0.0
111	bwa	0.0	0.0
111	gsnap	0.0	0.0
111	last	0.0753274758306	0.715330569102
111	bis1	0.0823214523579	0.649470005408
111	bis2	0.0983901443325	0.730518054645
111	real_R1.trim	0.0	0.0
111	bsmap	0.0916778057713	0.689502152483
111	bsmooth	0.0	0.0
112	bwa	0.0	0.0
112	gsnap	0.0	0.0
112	last	0.0751204996147	0.714987570055
112	bis1	0.0823214523579	0.649470005408
112	bis2	0.0983901443325	0.730518054645
112	real_R1.trim	0.0	0.0
112	bsmap	0.0916778057713	0.689502152483
112	bsmooth	0.0	0.0
113	bwa	0.0	0.0
113	gsnap	0.0	0.0
113	last	0.0749272690719	0.714687934157
113	bis1	0.0823214523579	0.649470005408
113	bis2	0.0983901443325	0.730518054645
113	real_R1.trim	0.0	0.0
113	bsmap	0.0916778057713	0.689502152483
113	bsmooth	0.0	0.0
114	bwa	0.0	0.0
114	gsnap	0.0	0.0
114	last	0.0746233314706	0.71423645307
114	bis1	0.0823214523579	0.649470005408
114	bis2	0.0983901443325	0.730518054645
114	real_R1.trim	0.0	0.0
114	bsmap	0.0916778057713	0.689502152483
114	bsmooth	0.0	0.0
115	bwa	0.0	0.0
115	gsnap	0.0	0.0
115	last	0.0744077024028	0.713891476229
115	bis1	0.0823214523579	0.649470005408
115	bis2	0.0983901443325	0.730518054645
115	real_R1.trim	0.0	0.0
115	bsmap	0.0916778057713	0.689502152483
115	bsmooth	0.0	0.0
116	bwa	0.0	0.0
116	gsnap	0.0	0.0
116	last	0.0742238663849	0.713596488149
116	bis1	0.0823214523579	0.649470005408
116	bis2	0.0983901443325	0.730518054645
116	real_R1.trim	0.0	0.0
116	bsmap	0.0916778057713	0.689502152483
116	bsmooth	0.0	0.0
117	bwa	0.0	0.0
117	gsnap	0.0	0.0
117	last	0.0739176048748	0.713143078712
117	bis1	0.0823214523579	0.649470005408
117	bis2	0.0983901443325	0.730518054645
117	real_R1.trim	0.0	0.0
117	bsmap	0.0916778057713	0.689502152483
117	bsmooth	0.0	0.0
118	bwa	0.0	0.0
118	gsnap	0.0	0.0
118	last	0.0736954490845	0.712777384471
118	bis1	0.0823214523579	0.649470005408
118	bis2	0.0983901443325	0.730518054645
118	real_R1.trim	0.0	0.0
118	bsmap	0.0916778057713	0.689502152483
118	bsmooth	0.0	0.0
119	bwa	0.0	0.0
119	gsnap	0.0	0.0
119	last	0.0735037018878	0.712481358049
119	bis1	0.0823214523579	0.649470005408
119	bis2	0.0983901443325	0.730518054645
119	real_R1.trim	0.0	0.0
119	bsmap	0.0916778057713	0.689502152483
119	bsmooth	0.0	0.0
120	bwa	0.0	0.0
120	gsnap	0.0	0.0
120	last	0.0732057471154	0.712036403685
120	bis1	0.0823214523579	0.649470005408
120	bis2	0.0983901443325	0.730518054645
120	real_R1.trim	0.0	0.0
120	bsmap	0.0916778057713	0.689502152483
120	bsmooth	0.0	0.0
121	bwa	0.0	0.0
121	gsnap	0.0	0.0
121	last	0.0730111815613	0.711675011147
121	bis1	0.0823214523579	0.649470005408
121	bis2	0.0983901443325	0.730518054645
121	real_R1.trim	0.0	0.0
121	bsmap	0.0916778057713	0.689502152483
121	bsmooth	0.0	0.0
122	bwa	0.0	0.0
122	gsnap	0.0	0.0
122	last	0.0728732798254	0.711419727296
122	bis1	0.0823214523579	0.649470005408
122	bis2	0.0983901443325	0.730518054645
122	real_R1.trim	0.0	0.0
122	bsmap	0.0916778057713	0.689502152483
122	bsmooth	0.0	0.0
123	bwa	0.0	0.0
123	gsnap	0.0	0.0
123	last	0.0726789120507	0.711082364964
123	bis1	0.0823214523579	0.649470005408
123	bis2	0.0983901443325	0.730518054645
123	real_R1.trim	0.0	0.0
123	bsmap	0.0916778057713	0.689502152483
123	bsmooth	0.0	0.0
124	bwa	0.0	0.0
124	gsnap	0.0	0.0
124	last	0.0725189084591	0.710757017735
124	bis1	0.0823214523579	0.649470005408
124	bis2	0.0983901443325	0.730518054645
124	real_R1.trim	0.0	0.0
124	bsmap	0.0916778057713	0.689502152483
124	bsmooth	0.0	0.0
125	bwa	0.0	0.0
125	gsnap	0.0	0.0
125	last	0.0723745294456	0.710494267708
125	bis1	0.0823214523579	0.649470005408
125	bis2	0.0983901443325	0.730518054645
125	real_R1.trim	0.0	0.0
125	bsmap	0.0916778057713	0.689502152483
125	bsmooth	0.0	0.0
126	bwa	0.0	0.0
126	gsnap	0.0	0.0
126	last	0.0721276512214	0.710072700767
126	bis1	0.0823214523579	0.649470005408
126	bis2	0.0983901443325	0.730518054645
126	real_R1.trim	0.0	0.0
126	bsmap	0.0916778057713	0.689502152483
126	bsmooth	0.0	0.0
127	bwa	0.0	0.0
127	gsnap	0.0	0.0
127	last	0.0719666587324	0.709739590693
127	bis1	0.0823214523579	0.649470005408
127	bis2	0.0983901443325	0.730518054645
127	real_R1.trim	0.0	0.0
127	bsmap	0.0916778057713	0.689502152483
127	bsmooth	0.0	0.0
128	bwa	0.0	0.0
128	gsnap	0.0	0.0
128	last	0.0718581766928	0.70953548228
128	bis1	0.0823214523579	0.649470005408
128	bis2	0.0983901443325	0.730518054645
128	real_R1.trim	0.0	0.0
128	bsmap	0.0916778057713	0.689502152483
128	bsmooth	0.0	0.0
129	bwa	0.0	0.0
129	gsnap	0.0	0.0
129	last	0.0715548818747	0.709013591702
129	bis1	0.0823214523579	0.649470005408
129	bis2	0.0983901443325	0.730518054645
129	real_R1.trim	0.0	0.0
129	bsmap	0.0916778057713	0.689502152483
129	bsmooth	0.0	0.0
130	bwa	0.0	0.0
130	gsnap	0.0	0.0
130	last	0.071365755256	0.708654572518
130	bis1	0.0823214523579	0.649470005408
130	bis2	0.0983901443325	0.730518054645
130	real_R1.trim	0.0	0.0
130	bsmap	0.0916778057713	0.689502152483
130	bsmooth	0.0	0.0
131	bwa	0.0	0.0
131	gsnap	0.0	0.0
131	last	0.0713460267538	0.708602408183
131	bis1	0.0823214523579	0.649470005408
131	bis2	0.0983901443325	0.730518054645
131	real_R1.trim	0.0	0.0
131	bsmap	0.0916778057713	0.689502152483
131	bsmooth	0.0	0.0
132	bwa	0.0	0.0
132	gsnap	0.0	0.0
132	last	0.0710045110531	0.707991961847
132	bis1	0.0823214523579	0.649470005408
132	bis2	0.0983901443325	0.730518054645
132	real_R1.trim	0.0	0.0
132	bsmap	0.0916778057713	0.689502152483
132	bsmooth	0.0	0.0
133	bwa	0.0	0.0
133	gsnap	0.0	0.0
133	last	0.0706391134812	0.707351996925
133	bis1	0.0823214523579	0.649470005408
133	bis2	0.0983901443325	0.730518054645
133	real_R1.trim	0.0	0.0
133	bsmap	0.0916778057713	0.689502152483
133	bsmooth	0.0	0.0
134	bwa	0.0	0.0
134	gsnap	0.0	0.0
134	last	0.0706381740287	0.70735184859
134	bis1	0.0823214523579	0.649470005408
134	bis2	0.0983901443325	0.730518054645
134	real_R1.trim	0.0	0.0
134	bsmap	0.0916778057713	0.689502152483
134	bsmooth	0.0	0.0
135	bwa	0.0	0.0
135	gsnap	0.0	0.0
135	last	0.0705820046591	0.707204848999
135	bis1	0.0823214523579	0.649470005408
135	bis2	0.0983901443325	0.730518054645
135	real_R1.trim	0.0	0.0
135	bsmap	0.0916778057713	0.689502152483
135	bsmooth	0.0	0.0
136	bwa	0.0	0.0
136	gsnap	0.0	0.0
136	last	0.0695850477929	0.705556802116
136	bis1	0.0823214523579	0.649470005408
136	bis2	0.0983901443325	0.730518054645
136	real_R1.trim	0.0	0.0
136	bsmap	0.0916778057713	0.689502152483
136	bsmooth	0.0	0.0
137	bwa	0.0	0.0
137	gsnap	0.0	0.0
137	last	0.0695850477929	0.705556802116
137	bis1	0.0823214523579	0.649470005408
137	bis2	0.0983901443325	0.730518054645
137	real_R1.trim	0.0	0.0
137	bsmap	0.0916778057713	0.689502152483
137	bsmooth	0.0	0.0
138	bwa	0.0	0.0
138	gsnap	0.0	0.0
138	last	0.0695756038232	0.705549335941
138	bis1	0.0823214523579	0.649470005408
138	bis2	0.0983901443325	0.730518054645
138	real_R1.trim	0.0	0.0
138	bsmap	0.0916778057713	0.689502152483
138	bsmooth	0.0	0.0
139	bwa	0.0	0.0
139	gsnap	0.0	0.0
139	last	0.0694301370226	0.704954168069
139	bis1	0.0823214523579	0.649470005408
139	bis2	0.0983901443325	0.730518054645
139	real_R1.trim	0.0	0.0
139	bsmap	0.0916778057713	0.689502152483
139	bsmooth	0.0	0.0
140	bwa	0.0	0.0
140	gsnap	0.0	0.0
140	last	0.0694301370226	0.704954168069
140	bis1	0.0823214523579	0.649470005408
140	bis2	0.0983901443325	0.730518054645
140	real_R1.trim	0.0	0.0
140	bsmap	0.0916778057713	0.689502152483
140	bsmooth	0.0	0.0
141	bwa	0.0	0.0
141	gsnap	0.0	0.0
141	last	0.0694301370226	0.704954168069
141	bis1	0.0823214523579	0.649470005408
141	bis2	0.0983901443325	0.730518054645
141	real_R1.trim	0.0	0.0
141	bsmap	0.0916778057713	0.689502152483
141	bsmooth	0.0	0.0
142	bwa	0.0	0.0
142	gsnap	0.0	0.0
142	last	0.0693906305734	0.704921534456
142	bis1	0.0823214523579	0.649470005408
142	bis2	0.0983901443325	0.730518054645
142	real_R1.trim	0.0	0.0
142	bsmap	0.0916778057713	0.689502152483
142	bsmooth	0.0	0.0
143	bwa	0.0	0.0
143	gsnap	0.0	0.0
143	last	0.0693906305734	0.704921534456
143	bis1	0.0823214523579	0.649470005408
143	bis2	0.0983901443325	0.730518054645
143	real_R1.trim	0.0	0.0
143	bsmap	0.0916778057713	0.689502152483
143	bsmooth	0.0	0.0
144	bwa	0.0	0.0
144	gsnap	0.0	0.0
144	last	0.0693906305734	0.704921534456
144	bis1	0.0823214523579	0.649470005408
144	bis2	0.0983901443325	0.730518054645
144	real_R1.trim	0.0	0.0
144	bsmap	0.0916778057713	0.689502152483
144	bsmooth	0.0	0.0
145	bwa	0.0	0.0
145	gsnap	0.0	0.0
145	last	0.0693906305734	0.704921534456
145	bis1	0.0823214523579	0.649470005408
145	bis2	0.0983901443325	0.730518054645
145	real_R1.trim	0.0	0.0
145	bsmap	0.0916778057713	0.689502152483
145	bsmooth	0.0	0.0
146	bwa	0.0	0.0
146	gsnap	0.0	0.0
146	last	0.0693906305734	0.704921534456
146	bis1	0.0823214523579	0.649470005408
146	bis2	0.0983901443325	0.730518054645
146	real_R1.trim	0.0	0.0
146	bsmap	0.0916778057713	0.689502152483
146	bsmooth	0.0	0.0
147	bwa	0.0	0.0
147	gsnap	0.0	0.0
147	last	0.0693906305734	0.704921534456
147	bis1	0.0823214523579	0.649470005408
147	bis2	0.0983901443325	0.730518054645
147	real_R1.trim	0.0	0.0
147	bsmap	0.0916778057713	0.689502152483
147	bsmooth	0.0	0.0
148	bwa	0.0	0.0
148	gsnap	0.0	0.0
148	last	0.0693906305734	0.704921534456
148	bis1	0.0823214523579	0.649470005408
148	bis2	0.0983901443325	0.730518054645
148	real_R1.trim	0.0	0.0
148	bsmap	0.0916778057713	0.689502152483
148	bsmooth	0.0	0.0
149	bwa	0.0	0.0
149	gsnap	0.0	0.0
149	last	0.0693906305734	0.704921534456
149	bis1	0.0823214523579	0.649470005408
149	bis2	0.0983901443325	0.730518054645
149	real_R1.trim	0.0	0.0
149	bsmap	0.0916778057713	0.689502152483
149	bsmooth	0.0	0.0
150	bwa	0.0	0.0
150	gsnap	0.0	0.0
150	last	0.0693906305734	0.704921534456
150	bis1	0.0823214523579	0.649470005408
150	bis2	0.0983901443325	0.730518054645
150	real_R1.trim	0.0	0.0
150	bsmap	0.0916778057713	0.689502152483
150	bsmooth	0.0	0.0
151	bwa	0.0	0.0
151	gsnap	0.0	0.0
151	last	0.0693906305734	0.704921534456
151	bis1	0.0823214523579	0.649470005408
151	bis2	0.0983901443325	0.730518054645
151	real_R1.trim	0.0	0.0
151	bsmap	0.0916778057713	0.689502152483
151	bsmooth	0.0	0.0
152	bwa	0.0	0.0
152	gsnap	0.0	0.0
152	last	0.0693906305734	0.704921534456
152	bis1	0.0823214523579	0.649470005408
152	bis2	0.0983901443325	0.730518054645
152	real_R1.trim	0.0	0.0
152	bsmap	0.0916778057713	0.689502152483
152	bsmooth	0.0	0.0
153	bwa	0.0	0.0
153	gsnap	0.0	0.0
153	last	0.0693906305734	0.704921534456
153	bis1	0.0823214523579	0.649470005408
153	bis2	0.0983901443325	0.730518054645
153	real_R1.trim	0.0	0.0
153	bsmap	0.0916778057713	0.689502152483
153	bsmooth	0.0	0.0
154	bwa	0.0	0.0
154	gsnap	0.0	0.0
154	last	0.0693906305734	0.704921534456
154	bis1	0.0823214523579	0.649470005408
154	bis2	0.0983901443325	0.730518054645
154	real_R1.trim	0.0	0.0
154	bsmap	0.0916778057713	0.689502152483
154	bsmooth	0.0	0.0
155	bwa	0.0	0.0
155	gsnap	0.0	0.0
155	last	0.0693906305734	0.704921534456
155	bis1	0.0823214523579	0.649470005408
155	bis2	0.0983901443325	0.730518054645
155	real_R1.trim	0.0	0.0
155	bsmap	0.0916778057713	0.689502152483
155	bsmooth	0.0	0.0
156	bwa	0.0	0.0
156	gsnap	0.0	0.0
156	last	0.0693906305734	0.704921534456
156	bis1	0.0823214523579	0.649470005408
156	bis2	0.0983901443325	0.730518054645
156	real_R1.trim	0.0	0.0
156	bsmap	0.0916778057713	0.689502152483
156	bsmooth	0.0	0.0
157	bwa	0.0	0.0
157	gsnap	0.0	0.0
157	last	0.0693906305734	0.704921534456
157	bis1	0.0823214523579	0.649470005408
157	bis2	0.0983901443325	0.730518054645
157	real_R1.trim	0.0	0.0
157	bsmap	0.0916778057713	0.689502152483
157	bsmooth	0.0	0.0
158	bwa	0.0	0.0
158	gsnap	0.0	0.0
158	last	0.0693906305734	0.704921534456
158	bis1	0.0823214523579	0.649470005408
158	bis2	0.0983901443325	0.730518054645
158	real_R1.trim	0.0	0.0
158	bsmap	0.0916778057713	0.689502152483
158	bsmooth	0.0	0.0
159	bwa	0.0	0.0
159	gsnap	0.0	0.0
159	last	0.0693906305734	0.704921534456
159	bis1	0.0823214523579	0.649470005408
159	bis2	0.0983901443325	0.730518054645
159	real_R1.trim	0.0	0.0
159	bsmap	0.0916778057713	0.689502152483
159	bsmooth	0.0	0.0
160	bwa	0.0	0.0
160	gsnap	0.0	0.0
160	last	0.0693906305734	0.704921534456
160	bis1	0.0823214523579	0.649470005408
160	bis2	0.0983901443325	0.730518054645
160	real_R1.trim	0.0	0.0
160	bsmap	0.0916778057713	0.689502152483
160	bsmooth	0.0	0.0
161	bwa	0.0	0.0
161	gsnap	0.0	0.0
161	last	0.0693906305734	0.704921534456
161	bis1	0.0823214523579	0.649470005408
161	bis2	0.0983901443325	0.730518054645
161	real_R1.trim	0.0	0.0
161	bsmap	0.0916778057713	0.689502152483
161	bsmooth	0.0	0.0
162	bwa	0.0	0.0
162	gsnap	0.0	0.0
162	last	0.0693906305734	0.704921534456
162	bis1	0.0823214523579	0.649470005408
162	bis2	0.0983901443325	0.730518054645
162	real_R1.trim	0.0	0.0
162	bsmap	0.0916778057713	0.689502152483
162	bsmooth	0.0	0.0
163	bwa	0.0	0.0
163	gsnap	0.0	0.0
163	last	0.0693906305734	0.704921534456
163	bis1	0.0823214523579	0.649470005408
163	bis2	0.0983901443325	0.730518054645
163	real_R1.trim	0.0	0.0
163	bsmap	0.0916778057713	0.689502152483
163	bsmooth	0.0	0.0
164	bwa	0.0	0.0
164	gsnap	0.0	0.0
164	last	0.0693906305734	0.704921534456
164	bis1	0.0823214523579	0.649470005408
164	bis2	0.0983901443325	0.730518054645
164	real_R1.trim	0.0	0.0
164	bsmap	0.0916778057713	0.689502152483
164	bsmooth	0.0	0.0
165	bwa	0.0	0.0
165	gsnap	0.0	0.0
165	last	0.0693906305734	0.704921534456
165	bis1	0.0823214523579	0.649470005408
165	bis2	0.0983901443325	0.730518054645
165	real_R1.trim	0.0	0.0
165	bsmap	0.0916778057713	0.689502152483
165	bsmooth	0.0	0.0
166	bwa	0.0	0.0
166	gsnap	0.0	0.0
166	last	0.0693906305734	0.704921534456
166	bis1	0.0823214523579	0.649470005408
166	bis2	0.0983901443325	0.730518054645
166	real_R1.trim	0.0	0.0
166	bsmap	0.0916778057713	0.689502152483
166	bsmooth	0.0	0.0
167	bwa	0.0	0.0
167	gsnap	0.0	0.0
167	last	0.0693906305734	0.704921534456
167	bis1	0.0823214523579	0.649470005408
167	bis2	0.0983901443325	0.730518054645
167	real_R1.trim	0.0	0.0
167	bsmap	0.0916778057713	0.689502152483
167	bsmooth	0.0	0.0
168	bwa	0.0	0.0
168	gsnap	0.0	0.0
168	last	0.0693906305734	0.704921534456
168	bis1	0.0823214523579	0.649470005408
168	bis2	0.0983901443325	0.730518054645
168	real_R1.trim	0.0	0.0
168	bsmap	0.0916778057713	0.689502152483
168	bsmooth	0.0	0.0
169	bwa	0.0	0.0
169	gsnap	0.0	0.0
169	last	0.0693906305734	0.704921534456
169	bis1	0.0823214523579	0.649470005408
169	bis2	0.0983901443325	0.730518054645
169	real_R1.trim	0.0	0.0
169	bsmap	0.0916778057713	0.689502152483
169	bsmooth	0.0	0.0
170	bwa	0.0	0.0
170	gsnap	0.0	0.0
170	last	0.0693906305734	0.704921534456
170	bis1	0.0823214523579	0.649470005408
170	bis2	0.0983901443325	0.730518054645
170	real_R1.trim	0.0	0.0
170	bsmap	0.0916778057713	0.689502152483
170	bsmooth	0.0	0.0
171	bwa	0.0	0.0
171	gsnap	0.0	0.0
171	last	0.0693906305734	0.704921534456
171	bis1	0.0823214523579	0.649470005408
171	bis2	0.0983901443325	0.730518054645
171	real_R1.trim	0.0	0.0
171	bsmap	0.0916778057713	0.689502152483
171	bsmooth	0.0	0.0
172	bwa	0.0	0.0
172	gsnap	0.0	0.0
172	last	0.0693906305734	0.704921534456
172	bis1	0.0823214523579	0.649470005408
172	bis2	0.0983901443325	0.730518054645
172	real_R1.trim	0.0	0.0
172	bsmap	0.0916778057713	0.689502152483
172	bsmooth	0.0	0.0
173	bwa	0.0	0.0
173	gsnap	0.0	0.0
173	last	0.0693906305734	0.704921534456
173	bis1	0.0823214523579	0.649470005408
173	bis2	0.0983901443325	0.730518054645
173	real_R1.trim	0.0	0.0
173	bsmap	0.0916778057713	0.689502152483
173	bsmooth	0.0	0.0
174	bwa	0.0	0.0
174	gsnap	0.0	0.0
174	last	0.0693906305734	0.704921534456
174	bis1	0.0823214523579	0.649470005408
174	bis2	0.0983901443325	0.730518054645
174	real_R1.trim	0.0	0.0
174	bsmap	0.0916778057713	0.689502152483
174	bsmooth	0.0	0.0
175	bwa	0.0	0.0
175	gsnap	0.0	0.0
175	last	0.0693906305734	0.704921534456
175	bis1	0.0823214523579	0.649470005408
175	bis2	0.0983901443325	0.730518054645
175	real_R1.trim	0.0	0.0
175	bsmap	0.0916778057713	0.689502152483
175	bsmooth	0.0	0.0
176	bwa	0.0	0.0
176	gsnap	0.0	0.0
176	last	0.0693906305734	0.704921534456
176	bis1	0.0823214523579	0.649470005408
176	bis2	0.0983901443325	0.730518054645
176	real_R1.trim	0.0	0.0
176	bsmap	0.0916778057713	0.689502152483
176	bsmooth	0.0	0.0
177	bwa	0.0	0.0
177	gsnap	0.0	0.0
177	last	0.0693906305734	0.704921534456
177	bis1	0.0823214523579	0.649470005408
177	bis2	0.0983901443325	0.730518054645
177	real_R1.trim	0.0	0.0
177	bsmap	0.0916778057713	0.689502152483
177	bsmooth	0.0	0.0
178	bwa	0.0	0.0
178	gsnap	0.0	0.0
178	last	0.0693906305734	0.704921534456
178	bis1	0.0823214523579	0.649470005408
178	bis2	0.0983901443325	0.730518054645
178	real_R1.trim	0.0	0.0
178	bsmap	0.0916778057713	0.689502152483
178	bsmooth	0.0	0.0
179	bwa	0.0	0.0
179	gsnap	0.0	0.0
179	last	0.0693906305734	0.704921534456
179	bis1	0.0823214523579	0.649470005408
179	bis2	0.0983901443325	0.730518054645
179	real_R1.trim	0.0	0.0
179	bsmap	0.0916778057713	0.689502152483
179	bsmooth	0.0	0.0
180	bwa	0.0	0.0
180	gsnap	0.0	0.0
180	last	0.0693906305734	0.704921534456
180	bis1	0.0823214523579	0.649470005408
180	bis2	0.0983901443325	0.730518054645
180	real_R1.trim	0.0	0.0
180	bsmap	0.0916778057713	0.689502152483
180	bsmooth	0.0	0.0
181	bwa	0.0	0.0
181	gsnap	0.0	0.0
181	last	0.0693906305734	0.704921534456
181	bis1	0.0823214523579	0.649470005408
181	bis2	0.0983901443325	0.730518054645
181	real_R1.trim	0.0	0.0
181	bsmap	0.0916778057713	0.689502152483
181	bsmooth	0.0	0.0
182	bwa	0.0	0.0
182	gsnap	0.0	0.0
182	last	0.0693906305734	0.704921534456
182	bis1	0.0823214523579	0.649470005408
182	bis2	0.0983901443325	0.730518054645
182	real_R1.trim	0.0	0.0
182	bsmap	0.0916778057713	0.689502152483
182	bsmooth	0.0	0.0
183	bwa	0.0	0.0
183	gsnap	0.0	0.0
183	last	0.0693906305734	0.704921534456
183	bis1	0.0823214523579	0.649470005408
183	bis2	0.0983901443325	0.730518054645
183	real_R1.trim	0.0	0.0
183	bsmap	0.0916778057713	0.689502152483
183	bsmooth	0.0	0.0
184	bwa	0.0	0.0
184	gsnap	0.0	0.0
184	last	0.0693906305734	0.704921534456
184	bis1	0.0823214523579	0.649470005408
184	bis2	0.0983901443325	0.730518054645
184	real_R1.trim	0.0	0.0
184	bsmap	0.0916778057713	0.689502152483
184	bsmooth	0.0	0.0
185	bwa	0.0	0.0
185	gsnap	0.0	0.0
185	last	0.0693906305734	0.704921534456
185	bis1	0.0823214523579	0.649470005408
185	bis2	0.0983901443325	0.730518054645
185	real_R1.trim	0.0	0.0
185	bsmap	0.0916778057713	0.689502152483
185	bsmooth	0.0	0.0
186	bwa	0.0	0.0
186	gsnap	0.0	0.0
186	last	0.0693906305734	0.704921534456
186	bis1	0.0823214523579	0.649470005408
186	bis2	0.0983901443325	0.730518054645
186	real_R1.trim	0.0	0.0
186	bsmap	0.0916778057713	0.689502152483
186	bsmooth	0.0	0.0
187	bwa	0.0	0.0
187	gsnap	0.0	0.0
187	last	0.0693906305734	0.704921534456
187	bis1	0.0823214523579	0.649470005408
187	bis2	0.0983901443325	0.730518054645
187	real_R1.trim	0.0	0.0
187	bsmap	0.0916778057713	0.689502152483
187	bsmooth	0.0	0.0
188	bwa	0.0	0.0
188	gsnap	0.0	0.0
188	last	0.0693906305734	0.704921534456
188	bis1	0.0823214523579	0.649470005408
188	bis2	0.0983901443325	0.730518054645
188	real_R1.trim	0.0	0.0
188	bsmap	0.0916778057713	0.689502152483
188	bsmooth	0.0	0.0
189	bwa	0.0	0.0
189	gsnap	0.0	0.0
189	last	0.0693906305734	0.704921534456
189	bis1	0.0823214523579	0.649470005408
189	bis2	0.0983901443325	0.730518054645
189	real_R1.trim	0.0	0.0
189	bsmap	0.0916778057713	0.689502152483
189	bsmooth	0.0	0.0
190	bwa	0.0	0.0
190	gsnap	0.0	0.0
190	last	0.0693906305734	0.704921534456
190	bis1	0.0823214523579	0.649470005408
190	bis2	0.0983901443325	0.730518054645
190	real_R1.trim	0.0	0.0
190	bsmap	0.0916778057713	0.689502152483
190	bsmooth	0.0	0.0
191	bwa	0.0	0.0
191	gsnap	0.0	0.0
191	last	0.0693906305734	0.704921534456
191	bis1	0.0823214523579	0.649470005408
191	bis2	0.0983901443325	0.730518054645
191	real_R1.trim	0.0	0.0
191	bsmap	0.0916778057713	0.689502152483
191	bsmooth	0.0	0.0
192	bwa	0.0	0.0
192	gsnap	0.0	0.0
192	last	0.0693906305734	0.704921534456
192	bis1	0.0823214523579	0.649470005408
192	bis2	0.0983901443325	0.730518054645
192	real_R1.trim	0.0	0.0
192	bsmap	0.0916778057713	0.689502152483
192	bsmooth	0.0	0.0
193	bwa	0.0	0.0
193	gsnap	0.0	0.0
193	last	0.0693906305734	0.704921534456
193	bis1	0.0823214523579	0.649470005408
193	bis2	0.0983901443325	0.730518054645
193	real_R1.trim	0.0	0.0
193	bsmap	0.0916778057713	0.689502152483
193	bsmooth	0.0	0.0
194	bwa	0.0	0.0
194	gsnap	0.0	0.0
194	last	0.0693906305734	0.704921534456
194	bis1	0.0823214523579	0.649470005408
194	bis2	0.0983901443325	0.730518054645
194	real_R1.trim	0.0	0.0
194	bsmap	0.0916778057713	0.689502152483
194	bsmooth	0.0	0.0
195	bwa	0.0	0.0
195	gsnap	0.0	0.0
195	last	0.0693906305734	0.704921534456
195	bis1	0.0823214523579	0.649470005408
195	bis2	0.0983901443325	0.730518054645
195	real_R1.trim	0.0	0.0
195	bsmap	0.0916778057713	0.689502152483
195	bsmooth	0.0	0.0
196	bwa	0.0	0.0
196	gsnap	0.0	0.0
196	last	0.0693906305734	0.704921534456
196	bis1	0.0823214523579	0.649470005408
196	bis2	0.0983901443325	0.730518054645
196	real_R1.trim	0.0	0.0
196	bsmap	0.0916778057713	0.689502152483
196	bsmooth	0.0	0.0
197	bwa	0.0	0.0
197	gsnap	0.0	0.0
197	last	0.0693906305734	0.704921534456
197	bis1	0.0823214523579	0.649470005408
197	bis2	0.0983901443325	0.730518054645
197	real_R1.trim	0.0	0.0
197	bsmap	0.0916778057713	0.689502152483
197	bsmooth	0.0	0.0
198	bwa	0.0	0.0
198	gsnap	0.0	0.0
198	last	0.0693906305734	0.704921534456
198	bis1	0.0823214523579	0.649470005408
198	bis2	0.0983901443325	0.730518054645
198	real_R1.trim	0.0	0.0
198	bsmap	0.0916778057713	0.689502152483
198	bsmooth	0.0	0.0
199	bwa	0.0	0.0
199	gsnap	0.0	0.0
199	last	0.0693906305734	0.704921534456
199	bis1	0.0823214523579	0.649470005408
199	bis2	0.0983901443325	0.730518054645
199	real_R1.trim	0.0	0.0
199	bsmap	0.0916778057713	0.689502152483
199	bsmooth	0.0	0.0
200	bwa	0.0	0.0
200	gsnap	0.0	0.0
200	last	0.0693906305734	0.704921534456
200	bis1	0.0823214523579	0.649470005408
200	bis2	0.0983901443325	0.730518054645
200	real_R1.trim	0.0	0.0
200	bsmap	0.0916778057713	0.689502152483
200	bsmooth	0.0	0.0
201	bwa	0.0	0.0
201	gsnap	0.0	0.0
201	last	0.0693906305734	0.704921534456
201	bis1	0.0823214523579	0.649470005408
201	bis2	0.0983901443325	0.730518054645
201	real_R1.trim	0.0	0.0
201	bsmap	0.0916778057713	0.689502152483
201	bsmooth	0.0	0.0
202	bwa	0.0	0.0
202	gsnap	0.0	0.0
202	last	0.0693906305734	0.704921534456
202	bis1	0.0823214523579	0.649470005408
202	bis2	0.0983901443325	0.730518054645
202	real_R1.trim	0.0	0.0
202	bsmap	0.0916778057713	0.689502152483
202	bsmooth	0.0	0.0
203	bwa	0.0	0.0
203	gsnap	0.0	0.0
203	last	0.0693906305734	0.704921534456
203	bis1	0.0823214523579	0.649470005408
203	bis2	0.0983901443325	0.730518054645
203	real_R1.trim	0.0	0.0
203	bsmap	0.0916778057713	0.689502152483
203	bsmooth	0.0	0.0
204	bwa	0.0	0.0
204	gsnap	0.0	0.0
204	last	0.0693906305734	0.704921534456
204	bis1	0.0823214523579	0.649470005408
204	bis2	0.0983901443325	0.730518054645
204	real_R1.trim	0.0	0.0
204	bsmap	0.0916778057713	0.689502152483
204	bsmooth	0.0	0.0
205	bwa	0.0	0.0
205	gsnap	0.0	0.0
205	last	0.0693906305734	0.704921534456
205	bis1	0.0823214523579	0.649470005408
205	bis2	0.0983901443325	0.730518054645
205	real_R1.trim	0.0	0.0
205	bsmap	0.0916778057713	0.689502152483
205	bsmooth	0.0	0.0
206	bwa	0.0	0.0
206	gsnap	0.0	0.0
206	last	0.0693906305734	0.704921534456
206	bis1	0.0823214523579	0.649470005408
206	bis2	0.0983901443325	0.730518054645
206	real_R1.trim	0.0	0.0
206	bsmap	0.0916778057713	0.689502152483
206	bsmooth	0.0	0.0
207	bwa	0.0	0.0
207	gsnap	0.0	0.0
207	last	0.0693906305734	0.704921534456
207	bis1	0.0823214523579	0.649470005408
207	bis2	0.0983901443325	0.730518054645
207	real_R1.trim	0.0	0.0
207	bsmap	0.0916778057713	0.689502152483
207	bsmooth	0.0	0.0
208	bwa	0.0	0.0
208	gsnap	0.0	0.0
208	last	0.0693906305734	0.704921534456
208	bis1	0.0823214523579	0.649470005408
208	bis2	0.0983901443325	0.730518054645
208	real_R1.trim	0.0	0.0
208	bsmap	0.0916778057713	0.689502152483
208	bsmooth	0.0	0.0
209	bwa	0.0	0.0
209	gsnap	0.0	0.0
209	last	0.0693906305734	0.704921534456
209	bis1	0.0823214523579	0.649470005408
209	bis2	0.0983901443325	0.730518054645
209	real_R1.trim	0.0	0.0
209	bsmap	0.0916778057713	0.689502152483
209	bsmooth	0.0	0.0
210	bwa	0.0	0.0
210	gsnap	0.0	0.0
210	last	0.0693906305734	0.704921534456
210	bis1	0.0823214523579	0.649470005408
210	bis2	0.0983901443325	0.730518054645
210	real_R1.trim	0.0	0.0
210	bsmap	0.0916778057713	0.689502152483
210	bsmooth	0.0	0.0
211	bwa	0.0	0.0
211	gsnap	0.0	0.0
211	last	0.0693906305734	0.704921534456
211	bis1	0.0823214523579	0.649470005408
211	bis2	0.0983901443325	0.730518054645
211	real_R1.trim	0.0	0.0
211	bsmap	0.0916778057713	0.689502152483
211	bsmooth	0.0	0.0
212	bwa	0.0	0.0
212	gsnap	0.0	0.0
212	last	0.0693906305734	0.704921534456
212	bis1	0.0823214523579	0.649470005408
212	bis2	0.0983901443325	0.730518054645
212	real_R1.trim	0.0	0.0
212	bsmap	0.0916778057713	0.689502152483
212	bsmooth	0.0	0.0
213	bwa	0.0	0.0
213	gsnap	0.0	0.0
213	last	0.0693906305734	0.704921534456
213	bis1	0.0823214523579	0.649470005408
213	bis2	0.0983901443325	0.730518054645
213	real_R1.trim	0.0	0.0
213	bsmap	0.0916778057713	0.689502152483
213	bsmooth	0.0	0.0
214	bwa	0.0	0.0
214	gsnap	0.0	0.0
214	last	0.0693906305734	0.704921534456
214	bis1	0.0823214523579	0.649470005408
214	bis2	0.0983901443325	0.730518054645
214	real_R1.trim	0.0	0.0
214	bsmap	0.0916778057713	0.689502152483
214	bsmooth	0.0	0.0
215	bwa	0.0	0.0
215	gsnap	0.0	0.0
215	last	0.0693906305734	0.704921534456
215	bis1	0.0823214523579	0.649470005408
215	bis2	0.0983901443325	0.730518054645
215	real_R1.trim	0.0	0.0
215	bsmap	0.0916778057713	0.689502152483
215	bsmooth	0.0	0.0
216	bwa	0.0	0.0
216	gsnap	0.0	0.0
216	last	0.0693906305734	0.704921534456
216	bis1	0.0823214523579	0.649470005408
216	bis2	0.0983901443325	0.730518054645
216	real_R1.trim	0.0	0.0
216	bsmap	0.0916778057713	0.689502152483
216	bsmooth	0.0	0.0
217	bwa	0.0	0.0
217	gsnap	0.0	0.0
217	last	0.0693906305734	0.704921534456
217	bis1	0.0823214523579	0.649470005408
217	bis2	0.0983901443325	0.730518054645
217	real_R1.trim	0.0	0.0
217	bsmap	0.0916778057713	0.689502152483
217	bsmooth	0.0	0.0
218	bwa	0.0	0.0
218	gsnap	0.0	0.0
218	last	0.0693906305734	0.704921534456
218	bis1	0.0823214523579	0.649470005408
218	bis2	0.0983901443325	0.730518054645
218	real_R1.trim	0.0	0.0
218	bsmap	0.0916778057713	0.689502152483
218	bsmooth	0.0	0.0
219	bwa	0.0	0.0
219	gsnap	0.0	0.0
219	last	0.0693906305734	0.704921534456
219	bis1	0.0823214523579	0.649470005408
219	bis2	0.0983901443325	0.730518054645
219	real_R1.trim	0.0	0.0
219	bsmap	0.0916778057713	0.689502152483
219	bsmooth	0.0	0.0
220	bwa	0.0	0.0
220	gsnap	0.0	0.0
220	last	0.0693906305734	0.704921534456
220	bis1	0.0823214523579	0.649470005408
220	bis2	0.0983901443325	0.730518054645
220	real_R1.trim	0.0	0.0
220	bsmap	0.0916778057713	0.689502152483
220	bsmooth	0.0	0.0
221	bwa	0.0	0.0
221	gsnap	0.0	0.0
221	last	0.0693906305734	0.704921534456
221	bis1	0.0823214523579	0.649470005408
221	bis2	0.0983901443325	0.730518054645
221	real_R1.trim	0.0	0.0
221	bsmap	0.0916778057713	0.689502152483
221	bsmooth	0.0	0.0
222	bwa	0.0	0.0
222	gsnap	0.0	0.0
222	last	0.0693906305734	0.704921534456
222	bis1	0.0823214523579	0.649470005408
222	bis2	0.0983901443325	0.730518054645
222	real_R1.trim	0.0	0.0
222	bsmap	0.0916778057713	0.689502152483
222	bsmooth	0.0	0.0
223	bwa	0.0	0.0
223	gsnap	0.0	0.0
223	last	0.0693906305734	0.704921534456
223	bis1	0.0823214523579	0.649470005408
223	bis2	0.0983901443325	0.730518054645
223	real_R1.trim	0.0	0.0
223	bsmap	0.0916778057713	0.689502152483
223	bsmooth	0.0	0.0
224	bwa	0.0	0.0
224	gsnap	0.0	0.0
224	last	0.0693906305734	0.704921534456
224	bis1	0.0823214523579	0.649470005408
224	bis2	0.0983901443325	0.730518054645
224	real_R1.trim	0.0	0.0
224	bsmap	0.0916778057713	0.689502152483
224	bsmooth	0.0	0.0
225	bwa	0.0	0.0
225	gsnap	0.0	0.0
225	last	0.0693906305734	0.704921534456
225	bis1	0.0823214523579	0.649470005408
225	bis2	0.0983901443325	0.730518054645
225	real_R1.trim	0.0	0.0
225	bsmap	0.0916778057713	0.689502152483
225	bsmooth	0.0	0.0
226	bwa	0.0	0.0
226	gsnap	0.0	0.0
226	last	0.0693906305734	0.704921534456
226	bis1	0.0823214523579	0.649470005408
226	bis2	0.0983901443325	0.730518054645
226	real_R1.trim	0.0	0.0
226	bsmap	0.0916778057713	0.689502152483
226	bsmooth	0.0	0.0
227	bwa	0.0	0.0
227	gsnap	0.0	0.0
227	last	0.0693906305734	0.704921534456
227	bis1	0.0823214523579	0.649470005408
227	bis2	0.0983901443325	0.730518054645
227	real_R1.trim	0.0	0.0
227	bsmap	0.0916778057713	0.689502152483
227	bsmooth	0.0	0.0
228	bwa	0.0	0.0
228	gsnap	0.0	0.0
228	last	0.0693906305734	0.704921534456
228	bis1	0.0823214523579	0.649470005408
228	bis2	0.0983901443325	0.730518054645
228	real_R1.trim	0.0	0.0
228	bsmap	0.0916778057713	0.689502152483
228	bsmooth	0.0	0.0
229	bwa	0.0	0.0
229	gsnap	0.0	0.0
229	last	0.0693906305734	0.704921534456
229	bis1	0.0823214523579	0.649470005408
229	bis2	0.0983901443325	0.730518054645
229	real_R1.trim	0.0	0.0
229	bsmap	0.0916778057713	0.689502152483
229	bsmooth	0.0	0.0
230	bwa	0.0	0.0
230	gsnap	0.0	0.0
230	last	0.0693906305734	0.704921534456
230	bis1	0.0823214523579	0.649470005408
230	bis2	0.0983901443325	0.730518054645
230	real_R1.trim	0.0	0.0
230	bsmap	0.0916778057713	0.689502152483
230	bsmooth	0.0	0.0
231	bwa	0.0	0.0
231	gsnap	0.0	0.0
231	last	0.0693906305734	0.704921534456
231	bis1	0.0823214523579	0.649470005408
231	bis2	0.0983901443325	0.730518054645
231	real_R1.trim	0.0	0.0
231	bsmap	0.0916778057713	0.689502152483
231	bsmooth	0.0	0.0
232	bwa	0.0	0.0
232	gsnap	0.0	0.0
232	last	0.0693906305734	0.704921534456
232	bis1	0.0823214523579	0.649470005408
232	bis2	0.0983901443325	0.730518054645
232	real_R1.trim	0.0	0.0
232	bsmap	0.0916778057713	0.689502152483
232	bsmooth	0.0	0.0
233	bwa	0.0	0.0
233	gsnap	0.0	0.0
233	last	0.0693906305734	0.704921534456
233	bis1	0.0823214523579	0.649470005408
233	bis2	0.0983901443325	0.730518054645
233	real_R1.trim	0.0	0.0
233	bsmap	0.0916778057713	0.689502152483
233	bsmooth	0.0	0.0
234	bwa	0.0	0.0
234	gsnap	0.0	0.0
234	last	0.0693906305734	0.704921534456
234	bis1	0.0823214523579	0.649470005408
234	bis2	0.0983901443325	0.730518054645
234	real_R1.trim	0.0	0.0
234	bsmap	0.0916778057713	0.689502152483
234	bsmooth	0.0	0.0
235	bwa	0.0	0.0
235	gsnap	0.0	0.0
235	last	0.0693906305734	0.704921534456
235	bis1	0.0823214523579	0.649470005408
235	bis2	0.0983901443325	0.730518054645
235	real_R1.trim	0.0	0.0
235	bsmap	0.0916778057713	0.689502152483
235	bsmooth	0.0	0.0
236	bwa	0.0	0.0
236	gsnap	0.0	0.0
236	last	0.0693906305734	0.704921534456
236	bis1	0.0823214523579	0.649470005408
236	bis2	0.0983901443325	0.730518054645
236	real_R1.trim	0.0	0.0
236	bsmap	0.0916778057713	0.689502152483
236	bsmooth	0.0	0.0
237	bwa	0.0	0.0
237	gsnap	0.0	0.0
237	last	0.0693906305734	0.704921534456
237	bis1	0.0823214523579	0.649470005408
237	bis2	0.0983901443325	0.730518054645
237	real_R1.trim	0.0	0.0
237	bsmap	0.0916778057713	0.689502152483
237	bsmooth	0.0	0.0
238	bwa	0.0	0.0
238	gsnap	0.0	0.0
238	last	0.0693906305734	0.704921534456
238	bis1	0.0823214523579	0.649470005408
238	bis2	0.0983901443325	0.730518054645
238	real_R1.trim	0.0	0.0
238	bsmap	0.0916778057713	0.689502152483
238	bsmooth	0.0	0.0
239	bwa	0.0	0.0
239	gsnap	0.0	0.0
239	last	0.0693906305734	0.704921534456
239	bis1	0.0823214523579	0.649470005408
239	bis2	0.0983901443325	0.730518054645
239	real_R1.trim	0.0	0.0
239	bsmap	0.0916778057713	0.689502152483
239	bsmooth	0.0	0.0
240	bwa	0.0	0.0
240	gsnap	0.0	0.0
240	last	0.0693906305734	0.704921534456
240	bis1	0.0823214523579	0.649470005408
240	bis2	0.0983901443325	0.730518054645
240	real_R1.trim	0.0	0.0
240	bsmap	0.0916778057713	0.689502152483
240	bsmooth	0.0	0.0
241	bwa	0.0	0.0
241	gsnap	0.0	0.0
241	last	0.0693906305734	0.704921534456
241	bis1	0.0823214523579	0.649470005408
241	bis2	0.0983901443325	0.730518054645
241	real_R1.trim	0.0	0.0
241	bsmap	0.0916778057713	0.689502152483
241	bsmooth	0.0	0.0
242	bwa	0.0	0.0
242	gsnap	0.0	0.0
242	last	0.0693906305734	0.704921534456
242	bis1	0.0823214523579	0.649470005408
242	bis2	0.0983901443325	0.730518054645
242	real_R1.trim	0.0	0.0
242	bsmap	0.0916778057713	0.689502152483
242	bsmooth	0.0	0.0
243	bwa	0.0	0.0
243	gsnap	0.0	0.0
243	last	0.0693906305734	0.704921534456
243	bis1	0.0823214523579	0.649470005408
243	bis2	0.0983901443325	0.730518054645
243	real_R1.trim	0.0	0.0
243	bsmap	0.0916778057713	0.689502152483
243	bsmooth	0.0	0.0
244	bwa	0.0	0.0
244	gsnap	0.0	0.0
244	last	0.0693906305734	0.704921534456
244	bis1	0.0823214523579	0.649470005408
244	bis2	0.0983901443325	0.730518054645
244	real_R1.trim	0.0	0.0
244	bsmap	0.0916778057713	0.689502152483
244	bsmooth	0.0	0.0
245	bwa	0.0	0.0
245	gsnap	0.0	0.0
245	last	0.0693906305734	0.704921534456
245	bis1	0.0823214523579	0.649470005408
245	bis2	0.0983901443325	0.730518054645
245	real_R1.trim	0.0	0.0
245	bsmap	0.0916778057713	0.689502152483
245	bsmooth	0.0	0.0
246	bwa	0.0	0.0
246	gsnap	0.0	0.0
246	last	0.0693906305734	0.704921534456
246	bis1	0.0823214523579	0.649470005408
246	bis2	0.0983901443325	0.730518054645
246	real_R1.trim	0.0	0.0
246	bsmap	0.0916778057713	0.689502152483
246	bsmooth	0.0	0.0
247	bwa	0.0	0.0
247	gsnap	0.0	0.0
247	last	0.0693906305734	0.704921534456
247	bis1	0.0823214523579	0.649470005408
247	bis2	0.0983901443325	0.730518054645
247	real_R1.trim	0.0	0.0
247	bsmap	0.0916778057713	0.689502152483
247	bsmooth	0.0	0.0
248	bwa	0.0	0.0
248	gsnap	0.0	0.0
248	last	0.0693906305734	0.704921534456
248	bis1	0.0823214523579	0.649470005408
248	bis2	0.0983901443325	0.730518054645
248	real_R1.trim	0.0	0.0
248	bsmap	0.0916778057713	0.689502152483
248	bsmooth	0.0	0.0
249	bwa	0.0	0.0
249	gsnap	0.0	0.0
249	last	0.0693906305734	0.704921534456
249	bis1	0.0823214523579	0.649470005408
249	bis2	0.0983901443325	0.730518054645
249	real_R1.trim	0.0	0.0
249	bsmap	0.0916778057713	0.689502152483
249	bsmooth	0.0	0.0
250	bwa	0.0	0.0
250	gsnap	0.0	0.0
250	last	0.0693906305734	0.704921534456
250	bis1	0.0823214523579	0.649470005408
250	bis2	0.0983901443325	0.730518054645
250	real_R1.trim	0.0	0.0
250	bsmap	0.0916778057713	0.689502152483
250	bsmooth	0.0	0.0
251	bwa	0.0	0.0
251	gsnap	0.0	0.0
251	last	0.0693906305734	0.704921534456
251	bis1	0.0823214523579	0.649470005408
251	bis2	0.0983901443325	0.730518054645
251	real_R1.trim	0.0	0.0
251	bsmap	0.0916778057713	0.689502152483
251	bsmooth	0.0	0.0
252	bwa	0.0	0.0
252	gsnap	0.0	0.0
252	last	0.0693906305734	0.704921534456
252	bis1	0.0823214523579	0.649470005408
252	bis2	0.0983901443325	0.730518054645
252	real_R1.trim	0.0	0.0
252	bsmap	0.0916778057713	0.689502152483
252	bsmooth	0.0	0.0
253	bwa	0.0	0.0
253	gsnap	0.0	0.0
253	last	0.0693906305734	0.704921534456
253	bis1	0.0823214523579	0.649470005408
253	bis2	0.0983901443325	0.730518054645
253	real_R1.trim	0.0	0.0
253	bsmap	0.0916778057713	0.689502152483
253	bsmooth	0.0	0.0
254	bwa	0.0	0.0
254	gsnap	0.0	0.0
254	last	0.0693906305734	0.704921534456
254	bis1	0.0823214523579	0.649470005408
254	bis2	0.0983901443325	0.730518054645
254	real_R1.trim	0.0	0.0
254	bsmap	0.0916778057713	0.689502152483
254	bsmooth	0.0	0.0
255	bwa	0.0	0.0
255	gsnap	0.0	0.0
255	last	0.0	0.0
255	bis1	0.0823214523579	0.649470005408
255	bis2	0.0983901443325	0.730518054645
255	real_R1.trim	0.0	0.0
255	bsmap	0.0916778057713	0.689502152483
255	bsmooth	0.0	0.0
