qual	method	off	on
0	bwa	0.065293	0.9325985
0	sim_R1	0.0366325	0.8611715
0	bsmap	0.005684	0.905166
0	gsnap	0.0045975	0.9147665
0	bis2	0.0026475	0.8302995
0	bsmooth	0.077455	0.920387
0	bis1	0.00943	0.844797
0	last	0.006744	0.9039295
1	bwa	0.000387	0.913342
1	sim_R1	0.0311675	0.8611535
1	bsmap	0.005684	0.905166
1	gsnap	0.0045975	0.9147665
1	bis2	0.0026475	0.8302995
1	bsmooth	0.073807	0.9155395
1	bis1	0.00943	0.844797
1	last	0.006744	0.9039295
2	bwa	0.0003285	0.912585
2	sim_R1	0.018287	0.851532
2	bsmap	0.005684	0.905166
2	gsnap	0.0045975	0.9147665
2	bis2	0.0026475	0.8302995
2	bsmooth	0.0256175	0.9086885
2	bis1	0.00943	0.844797
2	last	0.006744	0.9039295
3	bwa	0.000287	0.912003
3	sim_R1	0.013351	0.851524
3	bsmap	0.005684	0.905166
3	gsnap	0.0045975	0.9147665
3	bis2	0.0026475	0.8302995
3	bsmooth	0.024497	0.9086455
3	bis1	0.00943	0.844797
3	last	0.006744	0.9039295
4	bwa	0.0002505	0.9112645
4	sim_R1	0.013351	0.851524
4	bsmap	0.005684	0.905166
4	gsnap	0.0045975	0.9147665
4	bis2	0.0026475	0.8302995
4	bsmooth	0.0243065	0.9086385
4	bis1	0.00943	0.844797
4	last	0.006744	0.9039295
5	bwa	0.0002225	0.9105595
5	sim_R1	0.013351	0.851524
5	bsmap	0.005684	0.905166
5	gsnap	0.0045975	0.9147665
5	bis2	0.0026475	0.8302995
5	bsmooth	0.024288	0.9086355
5	bis1	0.00943	0.844797
5	last	0.006744	0.9039295
6	bwa	0.000194	0.909771
6	sim_R1	0.013351	0.851524
6	bsmap	0.005684	0.905166
6	gsnap	0.0045975	0.9147665
6	bis2	0.0026475	0.8302995
6	bsmooth	0.0242795	0.9086345
6	bis1	0.00943	0.844797
6	last	0.006744	0.9039295
7	bwa	0.0001765	0.9091545
7	sim_R1	0.013351	0.851524
7	bsmap	0.005684	0.905166
7	gsnap	0.0045975	0.9147665
7	bis2	0.0026475	0.8302995
7	bsmooth	0.008628	0.8907925
7	bis1	0.00943	0.844797
7	last	0.006744	0.9039295
8	bwa	0.000152	0.9084045
8	sim_R1	0.013351	0.851524
8	bsmap	0.005684	0.905166
8	gsnap	0.0045975	0.9147665
8	bis2	0.0026475	0.8302995
8	bsmooth	0.0079215	0.8906535
8	bis1	0.00943	0.844797
8	last	0.006744	0.9039295
9	bwa	0.0001285	0.9075345
9	sim_R1	0.013351	0.851524
9	bsmap	0.005684	0.905166
9	gsnap	0.0045975	0.9147665
9	bis2	0.0026475	0.8302995
9	bsmooth	0.007724	0.8906505
9	bis1	0.00943	0.844797
9	last	0.006744	0.9039295
10	bwa	0.00012	0.9070135
10	sim_R1	0.012122	0.851522
10	bsmap	0.005684	0.905166
10	gsnap	0.0045975	0.9147665
10	bis2	0.0026475	0.8302995
10	bsmooth	0.007724	0.8906505
10	bis1	0.00943	0.844797
10	last	0.006744	0.9039295
11	bwa	0.000106	0.9061835
11	sim_R1	0.012122	0.851522
11	bsmap	0.005684	0.905166
11	gsnap	0.0045975	0.9147665
11	bis2	0.0026475	0.8302995
11	bsmooth	0.007724	0.8906505
11	bis1	0.00943	0.844797
11	last	0.006584	0.903741
12	bwa	9.9e-05	0.90561
12	sim_R1	0.007305	0.819155
12	bsmap	0.005684	0.905166
12	gsnap	0.0045975	0.9147665
12	bis2	0.0026475	0.8302995
12	bsmooth	0.0074505	0.89054
12	bis1	0.00943	0.844797
12	last	0.006322	0.903427
13	bwa	9.5e-05	0.9048875
13	sim_R1	0.00686	0.819154
13	bsmap	0.005684	0.905166
13	gsnap	0.0045975	0.9147665
13	bis2	0.0026475	0.8302995
13	bsmooth	0.006059	0.8787495
13	bis1	0.00943	0.844797
13	last	0.006041	0.902978
14	bwa	8.5e-05	0.903845
14	sim_R1	0.00686	0.819154
14	bsmap	0.005684	0.905166
14	gsnap	0.0045975	0.9147665
14	bis2	0.0026475	0.8302995
14	bsmooth	0.006059	0.8787495
14	bis1	0.00943	0.844797
14	last	0.0057785	0.902583
15	bwa	8.5e-05	0.903678
15	sim_R1	0.006509	0.800986
15	bsmap	0.005684	0.905166
15	gsnap	0.0045975	0.9147665
15	bis2	0.0026475	0.8302995
15	bsmooth	0.006007	0.8787345
15	bis1	0.00943	0.844797
15	last	0.005518	0.902191
16	bwa	7.7e-05	0.901716
16	sim_R1	0.006509	0.800986
16	bsmap	0.005684	0.905166
16	gsnap	0.0045975	0.9147665
16	bis2	0.0026475	0.8302995
16	bsmooth	0.0058225	0.8786305
16	bis1	0.00943	0.844797
16	last	0.005239	0.9017005
17	bwa	7.5e-05	0.901169
17	sim_R1	0.006197	0.800981
17	bsmap	0.005684	0.905166
17	gsnap	0.0045975	0.9147665
17	bis2	0.0026475	0.8302995
17	bsmooth	0.0057685	0.87862
17	bis1	0.00943	0.844797
17	last	0.0049895	0.901203
18	bwa	7.1e-05	0.9006675
18	sim_R1	0.005999	0.784707
18	bsmap	0.005684	0.905166
18	gsnap	0.0045975	0.9147665
18	bis2	0.0026475	0.8302995
18	bsmooth	0.0053515	0.8696975
18	bis1	0.00943	0.844797
18	last	0.0047625	0.9007585
19	bwa	6.6e-05	0.900161
19	sim_R1	0.00584	0.765501
19	bsmap	0.005684	0.905166
19	gsnap	0.0045975	0.9147665
19	bis2	0.0026475	0.8302995
19	bsmooth	0.0051215	0.861463
19	bis1	0.00943	0.844797
19	last	0.004518	0.900002
20	bwa	6.1e-05	0.899689
20	sim_R1	0.00569	0.765494
20	bsmap	0.005684	0.905166
20	gsnap	0.0045975	0.9147665
20	bis2	0.0026475	0.8302995
20	bsmooth	0.0051215	0.861463
20	bis1	0.00943	0.844797
20	last	0.004319	0.8994475
21	bwa	5.9e-05	0.899232
21	sim_R1	0.005547	0.765494
21	bsmap	0.005684	0.905166
21	gsnap	0.0045975	0.9147665
21	bis2	0.0026475	0.8302995
21	bsmooth	0.0051215	0.861463
21	bis1	0.00943	0.844797
21	last	0.0041575	0.899012
22	bwa	5.6e-05	0.8986815
22	sim_R1	0.005417	0.743406
22	bsmap	0.005684	0.905166
22	gsnap	0.0045975	0.9147665
22	bis2	0.0026475	0.8302995
22	bsmooth	0.0049375	0.854049
22	bis1	0.00943	0.844797
22	last	0.003902	0.897587
23	bwa	5.4e-05	0.898102
23	sim_R1	0.000717	0.743402
23	bsmap	0.005684	0.905166
23	gsnap	0.0045975	0.9147665
23	bis2	0.0026475	0.8302995
23	bsmooth	0.004836	0.847073
23	bis1	0.00943	0.844797
23	last	0.003816	0.8973125
24	bwa	5.3e-05	0.8974445
24	sim_R1	0.000717	0.743402
24	bsmap	0.005684	0.905166
24	gsnap	0.0045975	0.9147665
24	bis2	0.0026475	0.8302995
24	bsmooth	0.0042485	0.847043
24	bis1	0.00943	0.844797
24	last	0.0036725	0.896802
25	bwa	5.15e-05	0.896917
25	sim_R1	0.000489	0.743402
25	bsmap	0.005684	0.905166
25	gsnap	0.0045975	0.9147665
25	bis2	0.0026475	0.8302995
25	bsmooth	0.0037495	0.847025
25	bis1	0.00943	0.844797
25	last	0.0034045	0.895069
26	bwa	5.05e-05	0.896306
26	sim_R1	0.00041	0.729453
26	bsmap	0.005684	0.905166
26	gsnap	0.0045975	0.9147665
26	bis2	0.0026475	0.8302995
26	bsmooth	0.0036	0.839212
26	bis1	0.00943	0.844797
26	last	0.003354	0.8949335
27	bwa	4.85e-05	0.89559
27	sim_R1	0.00041	0.729453
27	bsmap	0.005684	0.905166
27	gsnap	0.0045975	0.9147665
27	bis2	0.0026475	0.8302995
27	bsmooth	0.0035135	0.8317765
27	bis1	0.00943	0.844797
27	last	0.003297	0.8947745
28	bwa	4.6e-05	0.8951235
28	sim_R1	0.00041	0.729453
28	bsmap	0.005684	0.905166
28	gsnap	0.0045975	0.9147665
28	bis2	0.0026475	0.8302995
28	bsmooth	0.003492	0.827352
28	bis1	0.00943	0.844797
28	last	0.003235	0.894545
29	bwa	4.6e-05	0.8944125
29	sim_R1	0.000255	0.72945
29	bsmap	0.005684	0.905166
29	gsnap	0.0045975	0.9147665
29	bis2	0.0026475	0.8302995
29	bsmooth	0.003492	0.827352
29	bis1	0.00943	0.844797
29	last	0.003189	0.8943875
30	bwa	4.5e-05	0.893846
30	sim_R1	0.000255	0.72945
30	bsmap	0.005684	0.905166
30	gsnap	0.0045975	0.9147665
30	bis2	0.0026475	0.8302995
30	bsmooth	0.003492	0.827352
30	bis1	0.00943	0.844797
30	last	0.00313	0.894188
31	bwa	4.5e-05	0.893222
31	sim_R1	0.000255	0.72945
31	bsmap	0.005684	0.905166
31	gsnap	0.0045975	0.9147665
31	bis2	0.0026475	0.8302995
31	bsmooth	0.003233	0.8234905
31	bis1	0.00943	0.844797
31	last	0.003071	0.8937775
32	bwa	4.2e-05	0.89233
32	sim_R1	0.000255	0.729439
32	bsmap	0.005684	0.905166
32	gsnap	0.0045975	0.9147665
32	bis2	0.0026475	0.8302995
32	bsmooth	0.003169	0.8204675
32	bis1	0.00943	0.844797
32	last	0.0030215	0.893554
33	bwa	4.2e-05	0.8921595
33	sim_R1	0.000255	0.728084
33	bsmap	0.005684	0.905166
33	gsnap	0.0045975	0.9147665
33	bis2	0.0026475	0.8302995
33	bsmooth	0.00314	0.817858
33	bis1	0.00943	0.844797
33	last	0.0029725	0.8933335
34	bwa	4.1e-05	0.8903165
34	sim_R1	0.000255	0.724968
34	bsmap	0.005684	0.905166
34	gsnap	0.0045975	0.9147665
34	bis2	0.0026475	0.8302995
34	bsmooth	0.0031305	0.8165955
34	bis1	0.00943	0.844797
34	last	0.0029185	0.8929755
35	bwa	4.1e-05	0.889986
35	sim_R1	0.000255	0.720017
35	bsmap	0.005684	0.905166
35	gsnap	0.0045975	0.9147665
35	bis2	0.0026475	0.8302995
35	bsmooth	0.0031035	0.8143005
35	bis1	0.00943	0.844797
35	last	0.0028795	0.8927315
36	bwa	4.1e-05	0.8896715
36	sim_R1	0.000255	0.717105
36	bsmap	0.005684	0.905166
36	gsnap	0.0045975	0.9147665
36	bis2	0.0026475	0.8302995
36	bsmooth	0.00309	0.8121405
36	bis1	0.00943	0.844797
36	last	0.0028275	0.8924605
37	bwa	4.1e-05	0.889371
37	sim_R1	0.000127	0.717084
37	bsmap	0.005684	0.905166
37	gsnap	0.0045975	0.9147665
37	bis2	0.0026475	0.8302995
37	bsmooth	0.003083	0.810426
37	bis1	0.00943	0.844797
37	last	0.0027785	0.8920155
38	bwa	4e-05	0.888948
38	sim_R1	8.2e-05	0.701268
38	bsmap	0.005684	0.905166
38	gsnap	0.0045975	0.9147665
38	bis2	0.0026475	0.8302995
38	bsmooth	0.0030745	0.808329
38	bis1	0.00943	0.844797
38	last	0.002739	0.891686
39	bwa	4e-05	0.888658
39	sim_R1	5.7e-05	0.684249
39	bsmap	0.005684	0.905166
39	gsnap	0.0045975	0.9147665
39	bis2	0.0026475	0.8302995
39	bsmooth	0.0030715	0.8068265
39	bis1	0.00943	0.844797
39	last	0.00269	0.8913255
40	bwa	3.85e-05	0.8881015
40	sim_R1	4.7e-05	0.666054
40	bsmap	0.005684	0.905166
40	gsnap	0.0	0.0
40	bis2	0.0026475	0.8302995
40	bsmooth	0.0030675	0.805844
40	bis1	0.00943	0.844797
40	last	0.0026375	0.8908215
41	bwa	3.5e-06	0.865245
41	sim_R1	2.8e-05	0.628648
41	bsmap	0.005684	0.905166
41	gsnap	0.0	0.0
41	bis2	0.0026475	0.8302995
41	bsmooth	0.0023835	0.805802
41	bis1	0.00943	0.844797
41	last	0.0025885	0.8904255
42	bwa	3.5e-06	0.8640265
42	sim_R1	2e-05	0.628648
42	bsmap	0.005684	0.905166
42	gsnap	0.0	0.0
42	bis2	0.0026475	0.8302995
42	bsmooth	0.0023835	0.805802
42	bis1	0.00943	0.844797
42	last	0.0025375	0.890009
43	bwa	3e-06	0.8620805
43	sim_R1	1.3e-05	0.628648
43	bsmap	0.005684	0.905166
43	gsnap	0.0	0.0
43	bis2	0.0026475	0.8302995
43	bsmooth	0.0	0.0
43	bis1	0.00943	0.844797
43	last	0.002488	0.889361
44	bwa	3e-06	0.8606375
44	sim_R1	1.3e-05	0.628648
44	bsmap	0.005684	0.905166
44	gsnap	0.0	0.0
44	bis2	0.0026475	0.8302995
44	bsmooth	0.0	0.0
44	bis1	0.00943	0.844797
44	last	0.002442	0.8889765
45	bwa	3e-06	0.8587475
45	sim_R1	0.0	0.0
45	bsmap	0.005684	0.905166
45	gsnap	0.0	0.0
45	bis2	0.0026475	0.8302995
45	bsmooth	0.0	0.0
45	bis1	0.00943	0.844797
45	last	0.002393	0.8885145
46	bwa	2e-06	0.8561925
46	sim_R1	0.0	0.0
46	bsmap	0.005684	0.905166
46	gsnap	0.0	0.0
46	bis2	0.0026475	0.8302995
46	bsmooth	0.0	0.0
46	bis1	0.00943	0.844797
46	last	0.002336	0.88767
47	bwa	2e-06	0.8556145
47	sim_R1	0.0	0.0
47	bsmap	0.005684	0.905166
47	gsnap	0.0	0.0
47	bis2	0.0026475	0.8302995
47	bsmooth	0.0	0.0
47	bis1	0.00943	0.844797
47	last	0.002302	0.887386
48	bwa	1.5e-06	0.8542885
48	sim_R1	0.0	0.0
48	bsmap	0.005684	0.905166
48	gsnap	0.0	0.0
48	bis2	0.0026475	0.8302995
48	bsmooth	0.0	0.0
48	bis1	0.00943	0.844797
48	last	0.002248	0.8868805
49	bwa	1.5e-06	0.8534215
49	sim_R1	0.0	0.0
49	bsmap	0.005684	0.905166
49	gsnap	0.0	0.0
49	bis2	0.0026475	0.8302995
49	bsmooth	0.0	0.0
49	bis1	0.00943	0.844797
49	last	0.002195	0.885973
50	bwa	1.5e-06	0.851948
50	sim_R1	0.0	0.0
50	bsmap	0.005684	0.905166
50	gsnap	0.0	0.0
50	bis2	0.0026475	0.8302995
50	bsmooth	0.0	0.0
50	bis1	0.00943	0.844797
50	last	0.002166	0.885825
51	bwa	1.5e-06	0.849957
51	sim_R1	0.0	0.0
51	bsmap	0.005684	0.905166
51	gsnap	0.0	0.0
51	bis2	0.0026475	0.8302995
51	bsmooth	0.0	0.0
51	bis1	0.00943	0.844797
51	last	0.0021345	0.8856535
52	bwa	1.5e-06	0.8487455
52	sim_R1	0.0	0.0
52	bsmap	0.005684	0.905166
52	gsnap	0.0	0.0
52	bis2	0.0026475	0.8302995
52	bsmooth	0.0	0.0
52	bis1	0.00943	0.844797
52	last	0.002109	0.8854075
53	bwa	1.5e-06	0.8437125
53	sim_R1	0.0	0.0
53	bsmap	0.005684	0.905166
53	gsnap	0.0	0.0
53	bis2	0.0026475	0.8302995
53	bsmooth	0.0	0.0
53	bis1	0.00943	0.844797
53	last	0.002082	0.8852575
54	bwa	1.5e-06	0.8433865
54	sim_R1	0.0	0.0
54	bsmap	0.005684	0.905166
54	gsnap	0.0	0.0
54	bis2	0.0026475	0.8302995
54	bsmooth	0.0	0.0
54	bis1	0.00943	0.844797
54	last	0.00206	0.8850345
55	bwa	1.5e-06	0.8427335
55	sim_R1	0.0	0.0
55	bsmap	0.005684	0.905166
55	gsnap	0.0	0.0
55	bis2	0.0026475	0.8302995
55	bsmooth	0.0	0.0
55	bis1	0.00943	0.844797
55	last	0.0020285	0.8847215
56	bwa	1.5e-06	0.841978
56	sim_R1	0.0	0.0
56	bsmap	0.005684	0.905166
56	gsnap	0.0	0.0
56	bis2	0.0026475	0.8302995
56	bsmooth	0.0	0.0
56	bis1	0.00943	0.844797
56	last	0.0020015	0.884566
57	bwa	1.5e-06	0.84194
57	sim_R1	0.0	0.0
57	bsmap	0.005684	0.905166
57	gsnap	0.0	0.0
57	bis2	0.0026475	0.8302995
57	bsmooth	0.0	0.0
57	bis1	0.00943	0.844797
57	last	0.001975	0.8843625
58	bwa	1.5e-06	0.841806
58	sim_R1	0.0	0.0
58	bsmap	0.005684	0.905166
58	gsnap	0.0	0.0
58	bis2	0.0026475	0.8302995
58	bsmooth	0.0	0.0
58	bis1	0.00943	0.844797
58	last	0.001946	0.8840215
59	bwa	1.5e-06	0.841715
59	sim_R1	0.0	0.0
59	bsmap	0.005684	0.905166
59	gsnap	0.0	0.0
59	bis2	0.0026475	0.8302995
59	bsmooth	0.0	0.0
59	bis1	0.00943	0.844797
59	last	0.001917	0.883806
60	bwa	1.5e-06	0.841301
60	sim_R1	0.0	0.0
60	bsmap	0.005684	0.905166
60	gsnap	0.0	0.0
60	bis2	0.0026475	0.8302995
60	bsmooth	0.0	0.0
60	bis1	0.00943	0.844797
60	last	0.001894	0.8835395
61	bwa	0.0	0.0
61	sim_R1	0.0	0.0
61	bsmap	0.005684	0.905166
61	gsnap	0.0	0.0
61	bis2	0.0026475	0.8302995
61	bsmooth	0.0	0.0
61	bis1	0.00943	0.844797
61	last	0.0018755	0.883162
62	bwa	0.0	0.0
62	sim_R1	0.0	0.0
62	bsmap	0.005684	0.905166
62	gsnap	0.0	0.0
62	bis2	0.0026475	0.8302995
62	bsmooth	0.0	0.0
62	bis1	0.00943	0.844797
62	last	0.0018525	0.882903
63	bwa	0.0	0.0
63	sim_R1	0.0	0.0
63	bsmap	0.005684	0.905166
63	gsnap	0.0	0.0
63	bis2	0.0026475	0.8302995
63	bsmooth	0.0	0.0
63	bis1	0.00943	0.844797
63	last	0.0018355	0.882615
64	bwa	0.0	0.0
64	sim_R1	0.0	0.0
64	bsmap	0.005684	0.905166
64	gsnap	0.0	0.0
64	bis2	0.0026475	0.8302995
64	bsmooth	0.0	0.0
64	bis1	0.00943	0.844797
64	last	0.0018135	0.8822655
65	bwa	0.0	0.0
65	sim_R1	0.0	0.0
65	bsmap	0.005684	0.905166
65	gsnap	0.0	0.0
65	bis2	0.0026475	0.8302995
65	bsmooth	0.0	0.0
65	bis1	0.00943	0.844797
65	last	0.001797	0.8819595
66	bwa	0.0	0.0
66	sim_R1	0.0	0.0
66	bsmap	0.005684	0.905166
66	gsnap	0.0	0.0
66	bis2	0.0026475	0.8302995
66	bsmooth	0.0	0.0
66	bis1	0.00943	0.844797
66	last	0.00177	0.881606
67	bwa	0.0	0.0
67	sim_R1	0.0	0.0
67	bsmap	0.005684	0.905166
67	gsnap	0.0	0.0
67	bis2	0.0026475	0.8302995
67	bsmooth	0.0	0.0
67	bis1	0.00943	0.844797
67	last	0.0017465	0.8811415
68	bwa	0.0	0.0
68	sim_R1	0.0	0.0
68	bsmap	0.005684	0.905166
68	gsnap	0.0	0.0
68	bis2	0.0026475	0.8302995
68	bsmooth	0.0	0.0
68	bis1	0.00943	0.844797
68	last	0.00172	0.8807905
69	bwa	0.0	0.0
69	sim_R1	0.0	0.0
69	bsmap	0.005684	0.905166
69	gsnap	0.0	0.0
69	bis2	0.0026475	0.8302995
69	bsmooth	0.0	0.0
69	bis1	0.00943	0.844797
69	last	0.0016935	0.880309
70	bwa	0.0	0.0
70	sim_R1	0.0	0.0
70	bsmap	0.005684	0.905166
70	gsnap	0.0	0.0
70	bis2	0.0026475	0.8302995
70	bsmooth	0.0	0.0
70	bis1	0.00943	0.844797
70	last	0.001659	0.8797905
71	bwa	0.0	0.0
71	sim_R1	0.0	0.0
71	bsmap	0.005684	0.905166
71	gsnap	0.0	0.0
71	bis2	0.0026475	0.8302995
71	bsmooth	0.0	0.0
71	bis1	0.00943	0.844797
71	last	0.0016225	0.879418
72	bwa	0.0	0.0
72	sim_R1	0.0	0.0
72	bsmap	0.005684	0.905166
72	gsnap	0.0	0.0
72	bis2	0.0026475	0.8302995
72	bsmooth	0.0	0.0
72	bis1	0.00943	0.844797
72	last	0.001584	0.878921
73	bwa	0.0	0.0
73	sim_R1	0.0	0.0
73	bsmap	0.005684	0.905166
73	gsnap	0.0	0.0
73	bis2	0.0026475	0.8302995
73	bsmooth	0.0	0.0
73	bis1	0.00943	0.844797
73	last	0.0015345	0.878432
74	bwa	0.0	0.0
74	sim_R1	0.0	0.0
74	bsmap	0.005684	0.905166
74	gsnap	0.0	0.0
74	bis2	0.0026475	0.8302995
74	bsmooth	0.0	0.0
74	bis1	0.00943	0.844797
74	last	0.0015075	0.878106
75	bwa	0.0	0.0
75	sim_R1	0.0	0.0
75	bsmap	0.005684	0.905166
75	gsnap	0.0	0.0
75	bis2	0.0026475	0.8302995
75	bsmooth	0.0	0.0
75	bis1	0.00943	0.844797
75	last	0.001475	0.877693
76	bwa	0.0	0.0
76	sim_R1	0.0	0.0
76	bsmap	0.005684	0.905166
76	gsnap	0.0	0.0
76	bis2	0.0026475	0.8302995
76	bsmooth	0.0	0.0
76	bis1	0.00943	0.844797
76	last	0.001447	0.877236
77	bwa	0.0	0.0
77	sim_R1	0.0	0.0
77	bsmap	0.005684	0.905166
77	gsnap	0.0	0.0
77	bis2	0.0026475	0.8302995
77	bsmooth	0.0	0.0
77	bis1	0.00943	0.844797
77	last	0.0014215	0.876779
78	bwa	0.0	0.0
78	sim_R1	0.0	0.0
78	bsmap	0.005684	0.905166
78	gsnap	0.0	0.0
78	bis2	0.0026475	0.8302995
78	bsmooth	0.0	0.0
78	bis1	0.00943	0.844797
78	last	0.0013945	0.876115
79	bwa	0.0	0.0
79	sim_R1	0.0	0.0
79	bsmap	0.005684	0.905166
79	gsnap	0.0	0.0
79	bis2	0.0026475	0.8302995
79	bsmooth	0.0	0.0
79	bis1	0.00943	0.844797
79	last	0.001376	0.8754565
80	bwa	0.0	0.0
80	sim_R1	0.0	0.0
80	bsmap	0.005684	0.905166
80	gsnap	0.0	0.0
80	bis2	0.0026475	0.8302995
80	bsmooth	0.0	0.0
80	bis1	0.00943	0.844797
80	last	0.0013545	0.8747255
81	bwa	0.0	0.0
81	sim_R1	0.0	0.0
81	bsmap	0.005684	0.905166
81	gsnap	0.0	0.0
81	bis2	0.0026475	0.8302995
81	bsmooth	0.0	0.0
81	bis1	0.00943	0.844797
81	last	0.0013385	0.8739165
82	bwa	0.0	0.0
82	sim_R1	0.0	0.0
82	bsmap	0.005684	0.905166
82	gsnap	0.0	0.0
82	bis2	0.0026475	0.8302995
82	bsmooth	0.0	0.0
82	bis1	0.00943	0.844797
82	last	0.001327	0.873131
83	bwa	0.0	0.0
83	sim_R1	0.0	0.0
83	bsmap	0.005684	0.905166
83	gsnap	0.0	0.0
83	bis2	0.0026475	0.8302995
83	bsmooth	0.0	0.0
83	bis1	0.00943	0.844797
83	last	0.001315	0.87229
84	bwa	0.0	0.0
84	sim_R1	0.0	0.0
84	bsmap	0.005684	0.905166
84	gsnap	0.0	0.0
84	bis2	0.0026475	0.8302995
84	bsmooth	0.0	0.0
84	bis1	0.00943	0.844797
84	last	0.001302	0.871389
85	bwa	0.0	0.0
85	sim_R1	0.0	0.0
85	bsmap	0.005684	0.905166
85	gsnap	0.0	0.0
85	bis2	0.0026475	0.8302995
85	bsmooth	0.0	0.0
85	bis1	0.00943	0.844797
85	last	0.001291	0.8705595
86	bwa	0.0	0.0
86	sim_R1	0.0	0.0
86	bsmap	0.005684	0.905166
86	gsnap	0.0	0.0
86	bis2	0.0026475	0.8302995
86	bsmooth	0.0	0.0
86	bis1	0.00943	0.844797
86	last	0.001281	0.8696935
87	bwa	0.0	0.0
87	sim_R1	0.0	0.0
87	bsmap	0.005684	0.905166
87	gsnap	0.0	0.0
87	bis2	0.0026475	0.8302995
87	bsmooth	0.0	0.0
87	bis1	0.00943	0.844797
87	last	0.00127	0.868774
88	bwa	0.0	0.0
88	sim_R1	0.0	0.0
88	bsmap	0.005684	0.905166
88	gsnap	0.0	0.0
88	bis2	0.0026475	0.8302995
88	bsmooth	0.0	0.0
88	bis1	0.00943	0.844797
88	last	0.0012585	0.8678735
89	bwa	0.0	0.0
89	sim_R1	0.0	0.0
89	bsmap	0.005684	0.905166
89	gsnap	0.0	0.0
89	bis2	0.0026475	0.8302995
89	bsmooth	0.0	0.0
89	bis1	0.00943	0.844797
89	last	0.001251	0.866743
90	bwa	0.0	0.0
90	sim_R1	0.0	0.0
90	bsmap	0.005684	0.905166
90	gsnap	0.0	0.0
90	bis2	0.0026475	0.8302995
90	bsmooth	0.0	0.0
90	bis1	0.00943	0.844797
90	last	0.001244	0.8657715
91	bwa	0.0	0.0
91	sim_R1	0.0	0.0
91	bsmap	0.005684	0.905166
91	gsnap	0.0	0.0
91	bis2	0.0026475	0.8302995
91	bsmooth	0.0	0.0
91	bis1	0.00943	0.844797
91	last	0.001232	0.8646645
92	bwa	0.0	0.0
92	sim_R1	0.0	0.0
92	bsmap	0.005684	0.905166
92	gsnap	0.0	0.0
92	bis2	0.0026475	0.8302995
92	bsmooth	0.0	0.0
92	bis1	0.00943	0.844797
92	last	0.00122	0.8632235
93	bwa	0.0	0.0
93	sim_R1	0.0	0.0
93	bsmap	0.005684	0.905166
93	gsnap	0.0	0.0
93	bis2	0.0026475	0.8302995
93	bsmooth	0.0	0.0
93	bis1	0.00943	0.844797
93	last	0.0012065	0.8626445
94	bwa	0.0	0.0
94	sim_R1	0.0	0.0
94	bsmap	0.005684	0.905166
94	gsnap	0.0	0.0
94	bis2	0.0026475	0.8302995
94	bsmooth	0.0	0.0
94	bis1	0.00943	0.844797
94	last	0.001197	0.862124
95	bwa	0.0	0.0
95	sim_R1	0.0	0.0
95	bsmap	0.005684	0.905166
95	gsnap	0.0	0.0
95	bis2	0.0026475	0.8302995
95	bsmooth	0.0	0.0
95	bis1	0.00943	0.844797
95	last	0.0011895	0.861579
96	bwa	0.0	0.0
96	sim_R1	0.0	0.0
96	bsmap	0.005684	0.905166
96	gsnap	0.0	0.0
96	bis2	0.0026475	0.8302995
96	bsmooth	0.0	0.0
96	bis1	0.00943	0.844797
96	last	0.0011785	0.8608895
97	bwa	0.0	0.0
97	sim_R1	0.0	0.0
97	bsmap	0.005684	0.905166
97	gsnap	0.0	0.0
97	bis2	0.0026475	0.8302995
97	bsmooth	0.0	0.0
97	bis1	0.00943	0.844797
97	last	0.00117	0.86037
98	bwa	0.0	0.0
98	sim_R1	0.0	0.0
98	bsmap	0.005684	0.905166
98	gsnap	0.0	0.0
98	bis2	0.0026475	0.8302995
98	bsmooth	0.0	0.0
98	bis1	0.00943	0.844797
98	last	0.001163	0.859815
99	bwa	0.0	0.0
99	sim_R1	0.0	0.0
99	bsmap	0.005684	0.905166
99	gsnap	0.0	0.0
99	bis2	0.0026475	0.8302995
99	bsmooth	0.0	0.0
99	bis1	0.00943	0.844797
99	last	0.0011555	0.859179
100	bwa	0.0	0.0
100	sim_R1	0.0	0.0
100	bsmap	0.005684	0.905166
100	gsnap	0.0	0.0
100	bis2	0.0026475	0.8302995
100	bsmooth	0.0	0.0
100	bis1	0.00943	0.844797
100	last	0.001148	0.858487
101	bwa	0.0	0.0
101	sim_R1	0.0	0.0
101	bsmap	0.005684	0.905166
101	gsnap	0.0	0.0
101	bis2	0.0026475	0.8302995
101	bsmooth	0.0	0.0
101	bis1	0.00943	0.844797
101	last	0.001141	0.857781
102	bwa	0.0	0.0
102	sim_R1	0.0	0.0
102	bsmap	0.005684	0.905166
102	gsnap	0.0	0.0
102	bis2	0.0026475	0.8302995
102	bsmooth	0.0	0.0
102	bis1	0.00943	0.844797
102	last	0.001132	0.85691
103	bwa	0.0	0.0
103	sim_R1	0.0	0.0
103	bsmap	0.005684	0.905166
103	gsnap	0.0	0.0
103	bis2	0.0026475	0.8302995
103	bsmooth	0.0	0.0
103	bis1	0.00943	0.844797
103	last	0.001124	0.8560785
104	bwa	0.0	0.0
104	sim_R1	0.0	0.0
104	bsmap	0.005684	0.905166
104	gsnap	0.0	0.0
104	bis2	0.0026475	0.8302995
104	bsmooth	0.0	0.0
104	bis1	0.00943	0.844797
104	last	0.001118	0.8552075
105	bwa	0.0	0.0
105	sim_R1	0.0	0.0
105	bsmap	0.005684	0.905166
105	gsnap	0.0	0.0
105	bis2	0.0026475	0.8302995
105	bsmooth	0.0	0.0
105	bis1	0.00943	0.844797
105	last	0.001111	0.854292
106	bwa	0.0	0.0
106	sim_R1	0.0	0.0
106	bsmap	0.005684	0.905166
106	gsnap	0.0	0.0
106	bis2	0.0026475	0.8302995
106	bsmooth	0.0	0.0
106	bis1	0.00943	0.844797
106	last	0.0011045	0.853357
107	bwa	0.0	0.0
107	sim_R1	0.0	0.0
107	bsmap	0.005684	0.905166
107	gsnap	0.0	0.0
107	bis2	0.0026475	0.8302995
107	bsmooth	0.0	0.0
107	bis1	0.00943	0.844797
107	last	0.001102	0.8523895
108	bwa	0.0	0.0
108	sim_R1	0.0	0.0
108	bsmap	0.005684	0.905166
108	gsnap	0.0	0.0
108	bis2	0.0026475	0.8302995
108	bsmooth	0.0	0.0
108	bis1	0.00943	0.844797
108	last	0.0010965	0.851357
109	bwa	0.0	0.0
109	sim_R1	0.0	0.0
109	bsmap	0.005684	0.905166
109	gsnap	0.0	0.0
109	bis2	0.0026475	0.8302995
109	bsmooth	0.0	0.0
109	bis1	0.00943	0.844797
109	last	0.001088	0.850431
110	bwa	0.0	0.0
110	sim_R1	0.0	0.0
110	bsmap	0.005684	0.905166
110	gsnap	0.0	0.0
110	bis2	0.0026475	0.8302995
110	bsmooth	0.0	0.0
110	bis1	0.00943	0.844797
110	last	0.001079	0.8494615
111	bwa	0.0	0.0
111	sim_R1	0.0	0.0
111	bsmap	0.005684	0.905166
111	gsnap	0.0	0.0
111	bis2	0.0026475	0.8302995
111	bsmooth	0.0	0.0
111	bis1	0.00943	0.844797
111	last	0.001069	0.848439
112	bwa	0.0	0.0
112	sim_R1	0.0	0.0
112	bsmap	0.005684	0.905166
112	gsnap	0.0	0.0
112	bis2	0.0026475	0.8302995
112	bsmooth	0.0	0.0
112	bis1	0.00943	0.844797
112	last	0.0010625	0.84738
113	bwa	0.0	0.0
113	sim_R1	0.0	0.0
113	bsmap	0.005684	0.905166
113	gsnap	0.0	0.0
113	bis2	0.0026475	0.8302995
113	bsmooth	0.0	0.0
113	bis1	0.00943	0.844797
113	last	0.0010565	0.846343
114	bwa	0.0	0.0
114	sim_R1	0.0	0.0
114	bsmap	0.005684	0.905166
114	gsnap	0.0	0.0
114	bis2	0.0026475	0.8302995
114	bsmooth	0.0	0.0
114	bis1	0.00943	0.844797
114	last	0.001047	0.8454915
115	bwa	0.0	0.0
115	sim_R1	0.0	0.0
115	bsmap	0.005684	0.905166
115	gsnap	0.0	0.0
115	bis2	0.0026475	0.8302995
115	bsmooth	0.0	0.0
115	bis1	0.00943	0.844797
115	last	0.001038	0.844529
116	bwa	0.0	0.0
116	sim_R1	0.0	0.0
116	bsmap	0.005684	0.905166
116	gsnap	0.0	0.0
116	bis2	0.0026475	0.8302995
116	bsmooth	0.0	0.0
116	bis1	0.00943	0.844797
116	last	0.001026	0.843613
117	bwa	0.0	0.0
117	sim_R1	0.0	0.0
117	bsmap	0.005684	0.905166
117	gsnap	0.0	0.0
117	bis2	0.0026475	0.8302995
117	bsmooth	0.0	0.0
117	bis1	0.00943	0.844797
117	last	0.001017	0.843003
118	bwa	0.0	0.0
118	sim_R1	0.0	0.0
118	bsmap	0.005684	0.905166
118	gsnap	0.0	0.0
118	bis2	0.0026475	0.8302995
118	bsmooth	0.0	0.0
118	bis1	0.00943	0.844797
118	last	0.0010085	0.84248
119	bwa	0.0	0.0
119	sim_R1	0.0	0.0
119	bsmap	0.005684	0.905166
119	gsnap	0.0	0.0
119	bis2	0.0026475	0.8302995
119	bsmooth	0.0	0.0
119	bis1	0.00943	0.844797
119	last	0.001004	0.8419025
120	bwa	0.0	0.0
120	sim_R1	0.0	0.0
120	bsmap	0.005684	0.905166
120	gsnap	0.0	0.0
120	bis2	0.0026475	0.8302995
120	bsmooth	0.0	0.0
120	bis1	0.00943	0.844797
120	last	0.0009915	0.8412785
121	bwa	0.0	0.0
121	sim_R1	0.0	0.0
121	bsmap	0.005684	0.905166
121	gsnap	0.0	0.0
121	bis2	0.0026475	0.8302995
121	bsmooth	0.0	0.0
121	bis1	0.00943	0.844797
121	last	0.000988	0.8406405
122	bwa	0.0	0.0
122	sim_R1	0.0	0.0
122	bsmap	0.005684	0.905166
122	gsnap	0.0	0.0
122	bis2	0.0026475	0.8302995
122	bsmooth	0.0	0.0
122	bis1	0.00943	0.844797
122	last	0.0009835	0.839897
123	bwa	0.0	0.0
123	sim_R1	0.0	0.0
123	bsmap	0.005684	0.905166
123	gsnap	0.0	0.0
123	bis2	0.0026475	0.8302995
123	bsmooth	0.0	0.0
123	bis1	0.00943	0.844797
123	last	0.0009775	0.8392365
124	bwa	0.0	0.0
124	sim_R1	0.0	0.0
124	bsmap	0.005684	0.905166
124	gsnap	0.0	0.0
124	bis2	0.0026475	0.8302995
124	bsmooth	0.0	0.0
124	bis1	0.00943	0.844797
124	last	0.0009675	0.8385195
125	bwa	0.0	0.0
125	sim_R1	0.0	0.0
125	bsmap	0.005684	0.905166
125	gsnap	0.0	0.0
125	bis2	0.0026475	0.8302995
125	bsmooth	0.0	0.0
125	bis1	0.00943	0.844797
125	last	0.000963	0.837827
126	bwa	0.0	0.0
126	sim_R1	0.0	0.0
126	bsmap	0.005684	0.905166
126	gsnap	0.0	0.0
126	bis2	0.0026475	0.8302995
126	bsmooth	0.0	0.0
126	bis1	0.00943	0.844797
126	last	0.0009585	0.8368605
127	bwa	0.0	0.0
127	sim_R1	0.0	0.0
127	bsmap	0.005684	0.905166
127	gsnap	0.0	0.0
127	bis2	0.0026475	0.8302995
127	bsmooth	0.0	0.0
127	bis1	0.00943	0.844797
127	last	0.000952	0.8360065
128	bwa	0.0	0.0
128	sim_R1	0.0	0.0
128	bsmap	0.005684	0.905166
128	gsnap	0.0	0.0
128	bis2	0.0026475	0.8302995
128	bsmooth	0.0	0.0
128	bis1	0.00943	0.844797
128	last	0.000948	0.8354625
129	bwa	0.0	0.0
129	sim_R1	0.0	0.0
129	bsmap	0.005684	0.905166
129	gsnap	0.0	0.0
129	bis2	0.0026475	0.8302995
129	bsmooth	0.0	0.0
129	bis1	0.00943	0.844797
129	last	0.0009385	0.834139
130	bwa	0.0	0.0
130	sim_R1	0.0	0.0
130	bsmap	0.005684	0.905166
130	gsnap	0.0	0.0
130	bis2	0.0026475	0.8302995
130	bsmooth	0.0	0.0
130	bis1	0.00943	0.844797
130	last	0.0009315	0.833187
131	bwa	0.0	0.0
131	sim_R1	0.0	0.0
131	bsmap	0.005684	0.905166
131	gsnap	0.0	0.0
131	bis2	0.0026475	0.8302995
131	bsmooth	0.0	0.0
131	bis1	0.00943	0.844797
131	last	0.0009285	0.833182
132	bwa	0.0	0.0
132	sim_R1	0.0	0.0
132	bsmap	0.005684	0.905166
132	gsnap	0.0	0.0
132	bis2	0.0026475	0.8302995
132	bsmooth	0.0	0.0
132	bis1	0.00943	0.844797
132	last	0.0009165	0.831844
133	bwa	0.0	0.0
133	sim_R1	0.0	0.0
133	bsmap	0.005684	0.905166
133	gsnap	0.0	0.0
133	bis2	0.0026475	0.8302995
133	bsmooth	0.0	0.0
133	bis1	0.00943	0.844797
133	last	0.0009085	0.8298435
134	bwa	0.0	0.0
134	sim_R1	0.0	0.0
134	bsmap	0.005684	0.905166
134	gsnap	0.0	0.0
134	bis2	0.0026475	0.8302995
134	bsmooth	0.0	0.0
134	bis1	0.00943	0.844797
134	last	0.000908	0.8298415
135	bwa	0.0	0.0
135	sim_R1	0.0	0.0
135	bsmap	0.005684	0.905166
135	gsnap	0.0	0.0
135	bis2	0.0026475	0.8302995
135	bsmooth	0.0	0.0
135	bis1	0.00943	0.844797
135	last	0.0009045	0.829832
136	bwa	0.0	0.0
136	sim_R1	0.0	0.0
136	bsmap	0.005684	0.905166
136	gsnap	0.0	0.0
136	bis2	0.0026475	0.8302995
136	bsmooth	0.0	0.0
136	bis1	0.00943	0.844797
136	last	0.0008805	0.825705
137	bwa	0.0	0.0
137	sim_R1	0.0	0.0
137	bsmap	0.005684	0.905166
137	gsnap	0.0	0.0
137	bis2	0.0026475	0.8302995
137	bsmooth	0.0	0.0
137	bis1	0.00943	0.844797
137	last	0.0008805	0.825705
138	bwa	0.0	0.0
138	sim_R1	0.0	0.0
138	bsmap	0.005684	0.905166
138	gsnap	0.0	0.0
138	bis2	0.0026475	0.8302995
138	bsmooth	0.0	0.0
138	bis1	0.00943	0.844797
138	last	0.000874	0.8257015
139	bwa	0.0	0.0
139	sim_R1	0.0	0.0
139	bsmap	0.005684	0.905166
139	gsnap	0.0	0.0
139	bis2	0.0026475	0.8302995
139	bsmooth	0.0	0.0
139	bis1	0.00943	0.844797
139	last	0.000862	0.8256785
140	bwa	0.0	0.0
140	sim_R1	0.0	0.0
140	bsmap	0.005684	0.905166
140	gsnap	0.0	0.0
140	bis2	0.0026475	0.8302995
140	bsmooth	0.0	0.0
140	bis1	0.00943	0.844797
140	last	0.000862	0.8256785
141	bwa	0.0	0.0
141	sim_R1	0.0	0.0
141	bsmap	0.005684	0.905166
141	gsnap	0.0	0.0
141	bis2	0.0026475	0.8302995
141	bsmooth	0.0	0.0
141	bis1	0.00943	0.844797
141	last	0.000862	0.8256785
142	bwa	0.0	0.0
142	sim_R1	0.0	0.0
142	bsmap	0.005684	0.905166
142	gsnap	0.0	0.0
142	bis2	0.0026475	0.8302995
142	bsmooth	0.0	0.0
142	bis1	0.00943	0.844797
142	last	0.000851	0.825671
143	bwa	0.0	0.0
143	sim_R1	0.0	0.0
143	bsmap	0.005684	0.905166
143	gsnap	0.0	0.0
143	bis2	0.0026475	0.8302995
143	bsmooth	0.0	0.0
143	bis1	0.00943	0.844797
143	last	0.000851	0.825671
144	bwa	0.0	0.0
144	sim_R1	0.0	0.0
144	bsmap	0.005684	0.905166
144	gsnap	0.0	0.0
144	bis2	0.0026475	0.8302995
144	bsmooth	0.0	0.0
144	bis1	0.00943	0.844797
144	last	0.000851	0.825671
145	bwa	0.0	0.0
145	sim_R1	0.0	0.0
145	bsmap	0.005684	0.905166
145	gsnap	0.0	0.0
145	bis2	0.0026475	0.8302995
145	bsmooth	0.0	0.0
145	bis1	0.00943	0.844797
145	last	0.000851	0.825671
146	bwa	0.0	0.0
146	sim_R1	0.0	0.0
146	bsmap	0.005684	0.905166
146	gsnap	0.0	0.0
146	bis2	0.0026475	0.8302995
146	bsmooth	0.0	0.0
146	bis1	0.00943	0.844797
146	last	0.000851	0.825671
147	bwa	0.0	0.0
147	sim_R1	0.0	0.0
147	bsmap	0.005684	0.905166
147	gsnap	0.0	0.0
147	bis2	0.0026475	0.8302995
147	bsmooth	0.0	0.0
147	bis1	0.00943	0.844797
147	last	0.000851	0.825671
148	bwa	0.0	0.0
148	sim_R1	0.0	0.0
148	bsmap	0.005684	0.905166
148	gsnap	0.0	0.0
148	bis2	0.0026475	0.8302995
148	bsmooth	0.0	0.0
148	bis1	0.00943	0.844797
148	last	0.000851	0.825671
149	bwa	0.0	0.0
149	sim_R1	0.0	0.0
149	bsmap	0.005684	0.905166
149	gsnap	0.0	0.0
149	bis2	0.0026475	0.8302995
149	bsmooth	0.0	0.0
149	bis1	0.00943	0.844797
149	last	0.000851	0.825671
150	bwa	0.0	0.0
150	sim_R1	0.0	0.0
150	bsmap	0.005684	0.905166
150	gsnap	0.0	0.0
150	bis2	0.0026475	0.8302995
150	bsmooth	0.0	0.0
150	bis1	0.00943	0.844797
150	last	0.000851	0.825671
151	bwa	0.0	0.0
151	sim_R1	0.0	0.0
151	bsmap	0.005684	0.905166
151	gsnap	0.0	0.0
151	bis2	0.0026475	0.8302995
151	bsmooth	0.0	0.0
151	bis1	0.00943	0.844797
151	last	0.000851	0.825671
152	bwa	0.0	0.0
152	sim_R1	0.0	0.0
152	bsmap	0.005684	0.905166
152	gsnap	0.0	0.0
152	bis2	0.0026475	0.8302995
152	bsmooth	0.0	0.0
152	bis1	0.00943	0.844797
152	last	0.000851	0.825671
153	bwa	0.0	0.0
153	sim_R1	0.0	0.0
153	bsmap	0.005684	0.905166
153	gsnap	0.0	0.0
153	bis2	0.0026475	0.8302995
153	bsmooth	0.0	0.0
153	bis1	0.00943	0.844797
153	last	0.000851	0.825671
154	bwa	0.0	0.0
154	sim_R1	0.0	0.0
154	bsmap	0.005684	0.905166
154	gsnap	0.0	0.0
154	bis2	0.0026475	0.8302995
154	bsmooth	0.0	0.0
154	bis1	0.00943	0.844797
154	last	0.000851	0.825671
155	bwa	0.0	0.0
155	sim_R1	0.0	0.0
155	bsmap	0.005684	0.905166
155	gsnap	0.0	0.0
155	bis2	0.0026475	0.8302995
155	bsmooth	0.0	0.0
155	bis1	0.00943	0.844797
155	last	0.000851	0.825671
156	bwa	0.0	0.0
156	sim_R1	0.0	0.0
156	bsmap	0.005684	0.905166
156	gsnap	0.0	0.0
156	bis2	0.0026475	0.8302995
156	bsmooth	0.0	0.0
156	bis1	0.00943	0.844797
156	last	0.000851	0.825671
157	bwa	0.0	0.0
157	sim_R1	0.0	0.0
157	bsmap	0.005684	0.905166
157	gsnap	0.0	0.0
157	bis2	0.0026475	0.8302995
157	bsmooth	0.0	0.0
157	bis1	0.00943	0.844797
157	last	0.000851	0.825671
158	bwa	0.0	0.0
158	sim_R1	0.0	0.0
158	bsmap	0.005684	0.905166
158	gsnap	0.0	0.0
158	bis2	0.0026475	0.8302995
158	bsmooth	0.0	0.0
158	bis1	0.00943	0.844797
158	last	0.000851	0.825671
159	bwa	0.0	0.0
159	sim_R1	0.0	0.0
159	bsmap	0.005684	0.905166
159	gsnap	0.0	0.0
159	bis2	0.0026475	0.8302995
159	bsmooth	0.0	0.0
159	bis1	0.00943	0.844797
159	last	0.000851	0.825671
160	bwa	0.0	0.0
160	sim_R1	0.0	0.0
160	bsmap	0.005684	0.905166
160	gsnap	0.0	0.0
160	bis2	0.0026475	0.8302995
160	bsmooth	0.0	0.0
160	bis1	0.00943	0.844797
160	last	0.000851	0.825671
161	bwa	0.0	0.0
161	sim_R1	0.0	0.0
161	bsmap	0.005684	0.905166
161	gsnap	0.0	0.0
161	bis2	0.0026475	0.8302995
161	bsmooth	0.0	0.0
161	bis1	0.00943	0.844797
161	last	0.000851	0.825671
162	bwa	0.0	0.0
162	sim_R1	0.0	0.0
162	bsmap	0.005684	0.905166
162	gsnap	0.0	0.0
162	bis2	0.0026475	0.8302995
162	bsmooth	0.0	0.0
162	bis1	0.00943	0.844797
162	last	0.000851	0.825671
163	bwa	0.0	0.0
163	sim_R1	0.0	0.0
163	bsmap	0.005684	0.905166
163	gsnap	0.0	0.0
163	bis2	0.0026475	0.8302995
163	bsmooth	0.0	0.0
163	bis1	0.00943	0.844797
163	last	0.000851	0.825671
164	bwa	0.0	0.0
164	sim_R1	0.0	0.0
164	bsmap	0.005684	0.905166
164	gsnap	0.0	0.0
164	bis2	0.0026475	0.8302995
164	bsmooth	0.0	0.0
164	bis1	0.00943	0.844797
164	last	0.000851	0.825671
165	bwa	0.0	0.0
165	sim_R1	0.0	0.0
165	bsmap	0.005684	0.905166
165	gsnap	0.0	0.0
165	bis2	0.0026475	0.8302995
165	bsmooth	0.0	0.0
165	bis1	0.00943	0.844797
165	last	0.000851	0.825671
166	bwa	0.0	0.0
166	sim_R1	0.0	0.0
166	bsmap	0.005684	0.905166
166	gsnap	0.0	0.0
166	bis2	0.0026475	0.8302995
166	bsmooth	0.0	0.0
166	bis1	0.00943	0.844797
166	last	0.000851	0.825671
167	bwa	0.0	0.0
167	sim_R1	0.0	0.0
167	bsmap	0.005684	0.905166
167	gsnap	0.0	0.0
167	bis2	0.0026475	0.8302995
167	bsmooth	0.0	0.0
167	bis1	0.00943	0.844797
167	last	0.000851	0.825671
168	bwa	0.0	0.0
168	sim_R1	0.0	0.0
168	bsmap	0.005684	0.905166
168	gsnap	0.0	0.0
168	bis2	0.0026475	0.8302995
168	bsmooth	0.0	0.0
168	bis1	0.00943	0.844797
168	last	0.000851	0.825671
169	bwa	0.0	0.0
169	sim_R1	0.0	0.0
169	bsmap	0.005684	0.905166
169	gsnap	0.0	0.0
169	bis2	0.0026475	0.8302995
169	bsmooth	0.0	0.0
169	bis1	0.00943	0.844797
169	last	0.000851	0.825671
170	bwa	0.0	0.0
170	sim_R1	0.0	0.0
170	bsmap	0.005684	0.905166
170	gsnap	0.0	0.0
170	bis2	0.0026475	0.8302995
170	bsmooth	0.0	0.0
170	bis1	0.00943	0.844797
170	last	0.000851	0.825671
171	bwa	0.0	0.0
171	sim_R1	0.0	0.0
171	bsmap	0.005684	0.905166
171	gsnap	0.0	0.0
171	bis2	0.0026475	0.8302995
171	bsmooth	0.0	0.0
171	bis1	0.00943	0.844797
171	last	0.000851	0.825671
172	bwa	0.0	0.0
172	sim_R1	0.0	0.0
172	bsmap	0.005684	0.905166
172	gsnap	0.0	0.0
172	bis2	0.0026475	0.8302995
172	bsmooth	0.0	0.0
172	bis1	0.00943	0.844797
172	last	0.000851	0.825671
173	bwa	0.0	0.0
173	sim_R1	0.0	0.0
173	bsmap	0.005684	0.905166
173	gsnap	0.0	0.0
173	bis2	0.0026475	0.8302995
173	bsmooth	0.0	0.0
173	bis1	0.00943	0.844797
173	last	0.000851	0.825671
174	bwa	0.0	0.0
174	sim_R1	0.0	0.0
174	bsmap	0.005684	0.905166
174	gsnap	0.0	0.0
174	bis2	0.0026475	0.8302995
174	bsmooth	0.0	0.0
174	bis1	0.00943	0.844797
174	last	0.000851	0.825671
175	bwa	0.0	0.0
175	sim_R1	0.0	0.0
175	bsmap	0.005684	0.905166
175	gsnap	0.0	0.0
175	bis2	0.0026475	0.8302995
175	bsmooth	0.0	0.0
175	bis1	0.00943	0.844797
175	last	0.000851	0.825671
176	bwa	0.0	0.0
176	sim_R1	0.0	0.0
176	bsmap	0.005684	0.905166
176	gsnap	0.0	0.0
176	bis2	0.0026475	0.8302995
176	bsmooth	0.0	0.0
176	bis1	0.00943	0.844797
176	last	0.000851	0.825671
177	bwa	0.0	0.0
177	sim_R1	0.0	0.0
177	bsmap	0.005684	0.905166
177	gsnap	0.0	0.0
177	bis2	0.0026475	0.8302995
177	bsmooth	0.0	0.0
177	bis1	0.00943	0.844797
177	last	0.000851	0.825671
178	bwa	0.0	0.0
178	sim_R1	0.0	0.0
178	bsmap	0.005684	0.905166
178	gsnap	0.0	0.0
178	bis2	0.0026475	0.8302995
178	bsmooth	0.0	0.0
178	bis1	0.00943	0.844797
178	last	0.000851	0.825671
179	bwa	0.0	0.0
179	sim_R1	0.0	0.0
179	bsmap	0.005684	0.905166
179	gsnap	0.0	0.0
179	bis2	0.0026475	0.8302995
179	bsmooth	0.0	0.0
179	bis1	0.00943	0.844797
179	last	0.000851	0.825671
180	bwa	0.0	0.0
180	sim_R1	0.0	0.0
180	bsmap	0.005684	0.905166
180	gsnap	0.0	0.0
180	bis2	0.0026475	0.8302995
180	bsmooth	0.0	0.0
180	bis1	0.00943	0.844797
180	last	0.000851	0.825671
181	bwa	0.0	0.0
181	sim_R1	0.0	0.0
181	bsmap	0.005684	0.905166
181	gsnap	0.0	0.0
181	bis2	0.0026475	0.8302995
181	bsmooth	0.0	0.0
181	bis1	0.00943	0.844797
181	last	0.000851	0.825671
182	bwa	0.0	0.0
182	sim_R1	0.0	0.0
182	bsmap	0.005684	0.905166
182	gsnap	0.0	0.0
182	bis2	0.0026475	0.8302995
182	bsmooth	0.0	0.0
182	bis1	0.00943	0.844797
182	last	0.000851	0.825671
183	bwa	0.0	0.0
183	sim_R1	0.0	0.0
183	bsmap	0.005684	0.905166
183	gsnap	0.0	0.0
183	bis2	0.0026475	0.8302995
183	bsmooth	0.0	0.0
183	bis1	0.00943	0.844797
183	last	0.000851	0.825671
184	bwa	0.0	0.0
184	sim_R1	0.0	0.0
184	bsmap	0.005684	0.905166
184	gsnap	0.0	0.0
184	bis2	0.0026475	0.8302995
184	bsmooth	0.0	0.0
184	bis1	0.00943	0.844797
184	last	0.000851	0.825671
185	bwa	0.0	0.0
185	sim_R1	0.0	0.0
185	bsmap	0.005684	0.905166
185	gsnap	0.0	0.0
185	bis2	0.0026475	0.8302995
185	bsmooth	0.0	0.0
185	bis1	0.00943	0.844797
185	last	0.000851	0.825671
186	bwa	0.0	0.0
186	sim_R1	0.0	0.0
186	bsmap	0.005684	0.905166
186	gsnap	0.0	0.0
186	bis2	0.0026475	0.8302995
186	bsmooth	0.0	0.0
186	bis1	0.00943	0.844797
186	last	0.000851	0.825671
187	bwa	0.0	0.0
187	sim_R1	0.0	0.0
187	bsmap	0.005684	0.905166
187	gsnap	0.0	0.0
187	bis2	0.0026475	0.8302995
187	bsmooth	0.0	0.0
187	bis1	0.00943	0.844797
187	last	0.000851	0.825671
188	bwa	0.0	0.0
188	sim_R1	0.0	0.0
188	bsmap	0.005684	0.905166
188	gsnap	0.0	0.0
188	bis2	0.0026475	0.8302995
188	bsmooth	0.0	0.0
188	bis1	0.00943	0.844797
188	last	0.000851	0.825671
189	bwa	0.0	0.0
189	sim_R1	0.0	0.0
189	bsmap	0.005684	0.905166
189	gsnap	0.0	0.0
189	bis2	0.0026475	0.8302995
189	bsmooth	0.0	0.0
189	bis1	0.00943	0.844797
189	last	0.000851	0.825671
190	bwa	0.0	0.0
190	sim_R1	0.0	0.0
190	bsmap	0.005684	0.905166
190	gsnap	0.0	0.0
190	bis2	0.0026475	0.8302995
190	bsmooth	0.0	0.0
190	bis1	0.00943	0.844797
190	last	0.000851	0.825671
191	bwa	0.0	0.0
191	sim_R1	0.0	0.0
191	bsmap	0.005684	0.905166
191	gsnap	0.0	0.0
191	bis2	0.0026475	0.8302995
191	bsmooth	0.0	0.0
191	bis1	0.00943	0.844797
191	last	0.000851	0.825671
192	bwa	0.0	0.0
192	sim_R1	0.0	0.0
192	bsmap	0.005684	0.905166
192	gsnap	0.0	0.0
192	bis2	0.0026475	0.8302995
192	bsmooth	0.0	0.0
192	bis1	0.00943	0.844797
192	last	0.000851	0.825671
193	bwa	0.0	0.0
193	sim_R1	0.0	0.0
193	bsmap	0.005684	0.905166
193	gsnap	0.0	0.0
193	bis2	0.0026475	0.8302995
193	bsmooth	0.0	0.0
193	bis1	0.00943	0.844797
193	last	0.000851	0.825671
194	bwa	0.0	0.0
194	sim_R1	0.0	0.0
194	bsmap	0.005684	0.905166
194	gsnap	0.0	0.0
194	bis2	0.0026475	0.8302995
194	bsmooth	0.0	0.0
194	bis1	0.00943	0.844797
194	last	0.000851	0.825671
195	bwa	0.0	0.0
195	sim_R1	0.0	0.0
195	bsmap	0.005684	0.905166
195	gsnap	0.0	0.0
195	bis2	0.0026475	0.8302995
195	bsmooth	0.0	0.0
195	bis1	0.00943	0.844797
195	last	0.000851	0.825671
196	bwa	0.0	0.0
196	sim_R1	0.0	0.0
196	bsmap	0.005684	0.905166
196	gsnap	0.0	0.0
196	bis2	0.0026475	0.8302995
196	bsmooth	0.0	0.0
196	bis1	0.00943	0.844797
196	last	0.000851	0.825671
197	bwa	0.0	0.0
197	sim_R1	0.0	0.0
197	bsmap	0.005684	0.905166
197	gsnap	0.0	0.0
197	bis2	0.0026475	0.8302995
197	bsmooth	0.0	0.0
197	bis1	0.00943	0.844797
197	last	0.000851	0.825671
198	bwa	0.0	0.0
198	sim_R1	0.0	0.0
198	bsmap	0.005684	0.905166
198	gsnap	0.0	0.0
198	bis2	0.0026475	0.8302995
198	bsmooth	0.0	0.0
198	bis1	0.00943	0.844797
198	last	0.000851	0.825671
199	bwa	0.0	0.0
199	sim_R1	0.0	0.0
199	bsmap	0.005684	0.905166
199	gsnap	0.0	0.0
199	bis2	0.0026475	0.8302995
199	bsmooth	0.0	0.0
199	bis1	0.00943	0.844797
199	last	0.000851	0.825671
200	bwa	0.0	0.0
200	sim_R1	0.0	0.0
200	bsmap	0.005684	0.905166
200	gsnap	0.0	0.0
200	bis2	0.0026475	0.8302995
200	bsmooth	0.0	0.0
200	bis1	0.00943	0.844797
200	last	0.000851	0.825671
201	bwa	0.0	0.0
201	sim_R1	0.0	0.0
201	bsmap	0.005684	0.905166
201	gsnap	0.0	0.0
201	bis2	0.0026475	0.8302995
201	bsmooth	0.0	0.0
201	bis1	0.00943	0.844797
201	last	0.000851	0.825671
202	bwa	0.0	0.0
202	sim_R1	0.0	0.0
202	bsmap	0.005684	0.905166
202	gsnap	0.0	0.0
202	bis2	0.0026475	0.8302995
202	bsmooth	0.0	0.0
202	bis1	0.00943	0.844797
202	last	0.000851	0.825671
203	bwa	0.0	0.0
203	sim_R1	0.0	0.0
203	bsmap	0.005684	0.905166
203	gsnap	0.0	0.0
203	bis2	0.0026475	0.8302995
203	bsmooth	0.0	0.0
203	bis1	0.00943	0.844797
203	last	0.000851	0.825671
204	bwa	0.0	0.0
204	sim_R1	0.0	0.0
204	bsmap	0.005684	0.905166
204	gsnap	0.0	0.0
204	bis2	0.0026475	0.8302995
204	bsmooth	0.0	0.0
204	bis1	0.00943	0.844797
204	last	0.000851	0.825671
205	bwa	0.0	0.0
205	sim_R1	0.0	0.0
205	bsmap	0.005684	0.905166
205	gsnap	0.0	0.0
205	bis2	0.0026475	0.8302995
205	bsmooth	0.0	0.0
205	bis1	0.00943	0.844797
205	last	0.000851	0.825671
206	bwa	0.0	0.0
206	sim_R1	0.0	0.0
206	bsmap	0.005684	0.905166
206	gsnap	0.0	0.0
206	bis2	0.0026475	0.8302995
206	bsmooth	0.0	0.0
206	bis1	0.00943	0.844797
206	last	0.000851	0.825671
207	bwa	0.0	0.0
207	sim_R1	0.0	0.0
207	bsmap	0.005684	0.905166
207	gsnap	0.0	0.0
207	bis2	0.0026475	0.8302995
207	bsmooth	0.0	0.0
207	bis1	0.00943	0.844797
207	last	0.000851	0.825671
208	bwa	0.0	0.0
208	sim_R1	0.0	0.0
208	bsmap	0.005684	0.905166
208	gsnap	0.0	0.0
208	bis2	0.0026475	0.8302995
208	bsmooth	0.0	0.0
208	bis1	0.00943	0.844797
208	last	0.000851	0.825671
209	bwa	0.0	0.0
209	sim_R1	0.0	0.0
209	bsmap	0.005684	0.905166
209	gsnap	0.0	0.0
209	bis2	0.0026475	0.8302995
209	bsmooth	0.0	0.0
209	bis1	0.00943	0.844797
209	last	0.000851	0.825671
210	bwa	0.0	0.0
210	sim_R1	0.0	0.0
210	bsmap	0.005684	0.905166
210	gsnap	0.0	0.0
210	bis2	0.0026475	0.8302995
210	bsmooth	0.0	0.0
210	bis1	0.00943	0.844797
210	last	0.000851	0.825671
211	bwa	0.0	0.0
211	sim_R1	0.0	0.0
211	bsmap	0.005684	0.905166
211	gsnap	0.0	0.0
211	bis2	0.0026475	0.8302995
211	bsmooth	0.0	0.0
211	bis1	0.00943	0.844797
211	last	0.000851	0.825671
212	bwa	0.0	0.0
212	sim_R1	0.0	0.0
212	bsmap	0.005684	0.905166
212	gsnap	0.0	0.0
212	bis2	0.0026475	0.8302995
212	bsmooth	0.0	0.0
212	bis1	0.00943	0.844797
212	last	0.000851	0.825671
213	bwa	0.0	0.0
213	sim_R1	0.0	0.0
213	bsmap	0.005684	0.905166
213	gsnap	0.0	0.0
213	bis2	0.0026475	0.8302995
213	bsmooth	0.0	0.0
213	bis1	0.00943	0.844797
213	last	0.000851	0.825671
214	bwa	0.0	0.0
214	sim_R1	0.0	0.0
214	bsmap	0.005684	0.905166
214	gsnap	0.0	0.0
214	bis2	0.0026475	0.8302995
214	bsmooth	0.0	0.0
214	bis1	0.00943	0.844797
214	last	0.000851	0.825671
215	bwa	0.0	0.0
215	sim_R1	0.0	0.0
215	bsmap	0.005684	0.905166
215	gsnap	0.0	0.0
215	bis2	0.0026475	0.8302995
215	bsmooth	0.0	0.0
215	bis1	0.00943	0.844797
215	last	0.000851	0.825671
216	bwa	0.0	0.0
216	sim_R1	0.0	0.0
216	bsmap	0.005684	0.905166
216	gsnap	0.0	0.0
216	bis2	0.0026475	0.8302995
216	bsmooth	0.0	0.0
216	bis1	0.00943	0.844797
216	last	0.000851	0.825671
217	bwa	0.0	0.0
217	sim_R1	0.0	0.0
217	bsmap	0.005684	0.905166
217	gsnap	0.0	0.0
217	bis2	0.0026475	0.8302995
217	bsmooth	0.0	0.0
217	bis1	0.00943	0.844797
217	last	0.000851	0.825671
218	bwa	0.0	0.0
218	sim_R1	0.0	0.0
218	bsmap	0.005684	0.905166
218	gsnap	0.0	0.0
218	bis2	0.0026475	0.8302995
218	bsmooth	0.0	0.0
218	bis1	0.00943	0.844797
218	last	0.000851	0.825671
219	bwa	0.0	0.0
219	sim_R1	0.0	0.0
219	bsmap	0.005684	0.905166
219	gsnap	0.0	0.0
219	bis2	0.0026475	0.8302995
219	bsmooth	0.0	0.0
219	bis1	0.00943	0.844797
219	last	0.000851	0.825671
220	bwa	0.0	0.0
220	sim_R1	0.0	0.0
220	bsmap	0.005684	0.905166
220	gsnap	0.0	0.0
220	bis2	0.0026475	0.8302995
220	bsmooth	0.0	0.0
220	bis1	0.00943	0.844797
220	last	0.000851	0.825671
221	bwa	0.0	0.0
221	sim_R1	0.0	0.0
221	bsmap	0.005684	0.905166
221	gsnap	0.0	0.0
221	bis2	0.0026475	0.8302995
221	bsmooth	0.0	0.0
221	bis1	0.00943	0.844797
221	last	0.000851	0.825671
222	bwa	0.0	0.0
222	sim_R1	0.0	0.0
222	bsmap	0.005684	0.905166
222	gsnap	0.0	0.0
222	bis2	0.0026475	0.8302995
222	bsmooth	0.0	0.0
222	bis1	0.00943	0.844797
222	last	0.000851	0.825671
223	bwa	0.0	0.0
223	sim_R1	0.0	0.0
223	bsmap	0.005684	0.905166
223	gsnap	0.0	0.0
223	bis2	0.0026475	0.8302995
223	bsmooth	0.0	0.0
223	bis1	0.00943	0.844797
223	last	0.000851	0.825671
224	bwa	0.0	0.0
224	sim_R1	0.0	0.0
224	bsmap	0.005684	0.905166
224	gsnap	0.0	0.0
224	bis2	0.0026475	0.8302995
224	bsmooth	0.0	0.0
224	bis1	0.00943	0.844797
224	last	0.000851	0.825671
225	bwa	0.0	0.0
225	sim_R1	0.0	0.0
225	bsmap	0.005684	0.905166
225	gsnap	0.0	0.0
225	bis2	0.0026475	0.8302995
225	bsmooth	0.0	0.0
225	bis1	0.00943	0.844797
225	last	0.000851	0.825671
226	bwa	0.0	0.0
226	sim_R1	0.0	0.0
226	bsmap	0.005684	0.905166
226	gsnap	0.0	0.0
226	bis2	0.0026475	0.8302995
226	bsmooth	0.0	0.0
226	bis1	0.00943	0.844797
226	last	0.000851	0.825671
227	bwa	0.0	0.0
227	sim_R1	0.0	0.0
227	bsmap	0.005684	0.905166
227	gsnap	0.0	0.0
227	bis2	0.0026475	0.8302995
227	bsmooth	0.0	0.0
227	bis1	0.00943	0.844797
227	last	0.000851	0.825671
228	bwa	0.0	0.0
228	sim_R1	0.0	0.0
228	bsmap	0.005684	0.905166
228	gsnap	0.0	0.0
228	bis2	0.0026475	0.8302995
228	bsmooth	0.0	0.0
228	bis1	0.00943	0.844797
228	last	0.000851	0.825671
229	bwa	0.0	0.0
229	sim_R1	0.0	0.0
229	bsmap	0.005684	0.905166
229	gsnap	0.0	0.0
229	bis2	0.0026475	0.8302995
229	bsmooth	0.0	0.0
229	bis1	0.00943	0.844797
229	last	0.000851	0.825671
230	bwa	0.0	0.0
230	sim_R1	0.0	0.0
230	bsmap	0.005684	0.905166
230	gsnap	0.0	0.0
230	bis2	0.0026475	0.8302995
230	bsmooth	0.0	0.0
230	bis1	0.00943	0.844797
230	last	0.000851	0.825671
231	bwa	0.0	0.0
231	sim_R1	0.0	0.0
231	bsmap	0.005684	0.905166
231	gsnap	0.0	0.0
231	bis2	0.0026475	0.8302995
231	bsmooth	0.0	0.0
231	bis1	0.00943	0.844797
231	last	0.000851	0.825671
232	bwa	0.0	0.0
232	sim_R1	0.0	0.0
232	bsmap	0.005684	0.905166
232	gsnap	0.0	0.0
232	bis2	0.0026475	0.8302995
232	bsmooth	0.0	0.0
232	bis1	0.00943	0.844797
232	last	0.000851	0.825671
233	bwa	0.0	0.0
233	sim_R1	0.0	0.0
233	bsmap	0.005684	0.905166
233	gsnap	0.0	0.0
233	bis2	0.0026475	0.8302995
233	bsmooth	0.0	0.0
233	bis1	0.00943	0.844797
233	last	0.000851	0.825671
234	bwa	0.0	0.0
234	sim_R1	0.0	0.0
234	bsmap	0.005684	0.905166
234	gsnap	0.0	0.0
234	bis2	0.0026475	0.8302995
234	bsmooth	0.0	0.0
234	bis1	0.00943	0.844797
234	last	0.000851	0.825671
235	bwa	0.0	0.0
235	sim_R1	0.0	0.0
235	bsmap	0.005684	0.905166
235	gsnap	0.0	0.0
235	bis2	0.0026475	0.8302995
235	bsmooth	0.0	0.0
235	bis1	0.00943	0.844797
235	last	0.000851	0.825671
236	bwa	0.0	0.0
236	sim_R1	0.0	0.0
236	bsmap	0.005684	0.905166
236	gsnap	0.0	0.0
236	bis2	0.0026475	0.8302995
236	bsmooth	0.0	0.0
236	bis1	0.00943	0.844797
236	last	0.000851	0.825671
237	bwa	0.0	0.0
237	sim_R1	0.0	0.0
237	bsmap	0.005684	0.905166
237	gsnap	0.0	0.0
237	bis2	0.0026475	0.8302995
237	bsmooth	0.0	0.0
237	bis1	0.00943	0.844797
237	last	0.000851	0.825671
238	bwa	0.0	0.0
238	sim_R1	0.0	0.0
238	bsmap	0.005684	0.905166
238	gsnap	0.0	0.0
238	bis2	0.0026475	0.8302995
238	bsmooth	0.0	0.0
238	bis1	0.00943	0.844797
238	last	0.000851	0.825671
239	bwa	0.0	0.0
239	sim_R1	0.0	0.0
239	bsmap	0.005684	0.905166
239	gsnap	0.0	0.0
239	bis2	0.0026475	0.8302995
239	bsmooth	0.0	0.0
239	bis1	0.00943	0.844797
239	last	0.000851	0.825671
240	bwa	0.0	0.0
240	sim_R1	0.0	0.0
240	bsmap	0.005684	0.905166
240	gsnap	0.0	0.0
240	bis2	0.0026475	0.8302995
240	bsmooth	0.0	0.0
240	bis1	0.00943	0.844797
240	last	0.000851	0.825671
241	bwa	0.0	0.0
241	sim_R1	0.0	0.0
241	bsmap	0.005684	0.905166
241	gsnap	0.0	0.0
241	bis2	0.0026475	0.8302995
241	bsmooth	0.0	0.0
241	bis1	0.00943	0.844797
241	last	0.000851	0.825671
242	bwa	0.0	0.0
242	sim_R1	0.0	0.0
242	bsmap	0.005684	0.905166
242	gsnap	0.0	0.0
242	bis2	0.0026475	0.8302995
242	bsmooth	0.0	0.0
242	bis1	0.00943	0.844797
242	last	0.000851	0.825671
243	bwa	0.0	0.0
243	sim_R1	0.0	0.0
243	bsmap	0.005684	0.905166
243	gsnap	0.0	0.0
243	bis2	0.0026475	0.8302995
243	bsmooth	0.0	0.0
243	bis1	0.00943	0.844797
243	last	0.000851	0.825671
244	bwa	0.0	0.0
244	sim_R1	0.0	0.0
244	bsmap	0.005684	0.905166
244	gsnap	0.0	0.0
244	bis2	0.0026475	0.8302995
244	bsmooth	0.0	0.0
244	bis1	0.00943	0.844797
244	last	0.000851	0.825671
245	bwa	0.0	0.0
245	sim_R1	0.0	0.0
245	bsmap	0.005684	0.905166
245	gsnap	0.0	0.0
245	bis2	0.0026475	0.8302995
245	bsmooth	0.0	0.0
245	bis1	0.00943	0.844797
245	last	0.000851	0.825671
246	bwa	0.0	0.0
246	sim_R1	0.0	0.0
246	bsmap	0.005684	0.905166
246	gsnap	0.0	0.0
246	bis2	0.0026475	0.8302995
246	bsmooth	0.0	0.0
246	bis1	0.00943	0.844797
246	last	0.000851	0.825671
247	bwa	0.0	0.0
247	sim_R1	0.0	0.0
247	bsmap	0.005684	0.905166
247	gsnap	0.0	0.0
247	bis2	0.0026475	0.8302995
247	bsmooth	0.0	0.0
247	bis1	0.00943	0.844797
247	last	0.000851	0.825671
248	bwa	0.0	0.0
248	sim_R1	0.0	0.0
248	bsmap	0.005684	0.905166
248	gsnap	0.0	0.0
248	bis2	0.0026475	0.8302995
248	bsmooth	0.0	0.0
248	bis1	0.00943	0.844797
248	last	0.000851	0.825671
249	bwa	0.0	0.0
249	sim_R1	0.0	0.0
249	bsmap	0.005684	0.905166
249	gsnap	0.0	0.0
249	bis2	0.0026475	0.8302995
249	bsmooth	0.0	0.0
249	bis1	0.00943	0.844797
249	last	0.000851	0.825671
250	bwa	0.0	0.0
250	sim_R1	0.0	0.0
250	bsmap	0.005684	0.905166
250	gsnap	0.0	0.0
250	bis2	0.0026475	0.8302995
250	bsmooth	0.0	0.0
250	bis1	0.00943	0.844797
250	last	0.000851	0.825671
251	bwa	0.0	0.0
251	sim_R1	0.0	0.0
251	bsmap	0.005684	0.905166
251	gsnap	0.0	0.0
251	bis2	0.0026475	0.8302995
251	bsmooth	0.0	0.0
251	bis1	0.00943	0.844797
251	last	0.000851	0.825671
252	bwa	0.0	0.0
252	sim_R1	0.0	0.0
252	bsmap	0.005684	0.905166
252	gsnap	0.0	0.0
252	bis2	0.0026475	0.8302995
252	bsmooth	0.0	0.0
252	bis1	0.00943	0.844797
252	last	0.000851	0.825671
253	bwa	0.0	0.0
253	sim_R1	0.0	0.0
253	bsmap	0.005684	0.905166
253	gsnap	0.0	0.0
253	bis2	0.0026475	0.8302995
253	bsmooth	0.0	0.0
253	bis1	0.00943	0.844797
253	last	0.000851	0.825671
254	bwa	0.0	0.0
254	sim_R1	0.0	0.0
254	bsmap	0.005684	0.905166
254	gsnap	0.0	0.0
254	bis2	0.0026475	0.8302995
254	bsmooth	0.0	0.0
254	bis1	0.00943	0.844797
254	last	0.000851	0.825671
255	bwa	0.0	0.0
255	sim_R1	0.0	0.0
255	bsmap	0.005684	0.905166
255	gsnap	0.0	0.0
255	bis2	0.0026475	0.8302995
255	bsmooth	0.0	0.0
255	bis1	0.00943	0.844797
255	last	0.0	0.0
