qual	method	off	on
0	bwa	0.0669705	0.9307165
0	sim_R1.trim	0.0283425	0.8797035
0	bsmap	0.004633	0.9078105
0	gsnap	0.002674	0.9120395
0	bis2	0.000581	0.850766
0	bsmooth	0.077343	0.9206725
0	bis1	0.010036	0.861851
0	last	0.002629	0.8995755
1	bwa	0.0001275	0.910361
1	sim_R1.trim	0.0240095	0.8796915
1	bsmap	0.004633	0.9078105
1	gsnap	0.002674	0.9120395
1	bis2	0.000581	0.850766
1	bsmooth	0.074735	0.9172825
1	bis1	0.010036	0.861851
1	last	0.002629	0.8995755
2	bwa	0.000109	0.9095225
2	sim_R1.trim	0.011926	0.86944
2	bsmap	0.004633	0.9078105
2	gsnap	0.002674	0.9120395
2	bis2	0.000581	0.850766
2	bsmooth	0.0204335	0.909433
2	bis1	0.010036	0.861851
2	last	0.002629	0.8995755
3	bwa	9.95e-05	0.9088365
3	sim_R1.trim	0.008374	0.869437
3	bsmap	0.004633	0.9078105
3	gsnap	0.002674	0.9120395
3	bis2	0.000581	0.850766
3	bsmooth	0.019451	0.909404
3	bis1	0.010036	0.861851
3	last	0.002629	0.8995755
4	bwa	8.35e-05	0.908073
4	sim_R1.trim	0.008374	0.869437
4	bsmap	0.004633	0.9078105
4	gsnap	0.002674	0.9120395
4	bis2	0.000581	0.850766
4	bsmooth	0.0192585	0.909398
4	bis1	0.010036	0.861851
4	last	0.002629	0.8995755
5	bwa	7.65e-05	0.9073515
5	sim_R1.trim	0.008374	0.869437
5	bsmap	0.004633	0.9078105
5	gsnap	0.002674	0.9120395
5	bis2	0.000581	0.850766
5	bsmooth	0.019242	0.909392
5	bis1	0.010036	0.861851
5	last	0.002629	0.8995755
6	bwa	7.15e-05	0.9065365
6	sim_R1.trim	0.008374	0.869437
6	bsmap	0.004633	0.9078105
6	gsnap	0.002674	0.9120395
6	bis2	0.000581	0.850766
6	bsmooth	0.0192395	0.909391
6	bis1	0.010036	0.861851
6	last	0.002629	0.8995755
7	bwa	6.9e-05	0.905894
7	sim_R1.trim	0.008374	0.869437
7	bsmap	0.004633	0.9078105
7	gsnap	0.002674	0.9120395
7	bis2	0.000581	0.850766
7	bsmooth	0.0082335	0.8913085
7	bis1	0.010036	0.861851
7	last	0.002629	0.8995755
8	bwa	6.6e-05	0.905157
8	sim_R1.trim	0.008374	0.869437
8	bsmap	0.004633	0.9078105
8	gsnap	0.002674	0.9120395
8	bis2	0.000581	0.850766
8	bsmooth	0.0077055	0.8912875
8	bis1	0.010036	0.861851
8	last	0.002629	0.8995755
9	bwa	6e-05	0.9043125
9	sim_R1.trim	0.008374	0.869437
9	bsmap	0.004633	0.9078105
9	gsnap	0.002674	0.9120395
9	bis2	0.000581	0.850766
9	bsmooth	0.0075465	0.8912875
9	bis1	0.010036	0.861851
9	last	0.002629	0.8995755
10	bwa	5.7e-05	0.90379
10	sim_R1.trim	0.007404	0.869437
10	bsmap	0.004633	0.9078105
10	gsnap	0.002674	0.9120395
10	bis2	0.000581	0.850766
10	bsmooth	0.0075465	0.8912875
10	bis1	0.010036	0.861851
10	last	0.002629	0.8995755
11	bwa	5.1e-05	0.902881
11	sim_R1.trim	0.007404	0.869437
11	bsmap	0.004633	0.9078105
11	gsnap	0.002674	0.9120395
11	bis2	0.000581	0.850766
11	bsmooth	0.0075465	0.8912875
11	bis1	0.010036	0.861851
11	last	0.0025945	0.8994445
12	bwa	4.9e-05	0.9023325
12	sim_R1.trim	0.005501	0.837503
12	bsmap	0.004633	0.9078105
12	gsnap	0.002674	0.9120395
12	bis2	0.000581	0.850766
12	bsmooth	0.007325	0.891281
12	bis1	0.010036	0.861851
12	last	0.0025065	0.8991545
13	bwa	4.6e-05	0.901628
13	sim_R1.trim	0.00516	0.837503
13	bsmap	0.004633	0.9078105
13	gsnap	0.002674	0.9120395
13	bis2	0.000581	0.850766
13	bsmooth	0.006385	0.8877435
13	bis1	0.010036	0.861851
13	last	0.0023985	0.898645
14	bwa	4.3e-05	0.9005455
14	sim_R1.trim	0.00516	0.837503
14	bsmap	0.004633	0.9078105
14	gsnap	0.002674	0.9120395
14	bis2	0.000581	0.850766
14	bsmooth	0.006385	0.8877435
14	bis1	0.010036	0.861851
14	last	0.0023015	0.898263
15	bwa	4.3e-05	0.9003665
15	sim_R1.trim	0.004859	0.825507
15	bsmap	0.004633	0.9078105
15	gsnap	0.002674	0.9120395
15	bis2	0.000581	0.850766
15	bsmooth	0.0063335	0.887743
15	bis1	0.010036	0.861851
15	last	0.002203	0.89784
16	bwa	4.1e-05	0.8983305
16	sim_R1.trim	0.004859	0.825507
16	bsmap	0.004633	0.9078105
16	gsnap	0.002674	0.9120395
16	bis2	0.000581	0.850766
16	bsmooth	0.006199	0.887738
16	bis1	0.010036	0.861851
16	last	0.0020885	0.8972965
17	bwa	4.1e-05	0.8977485
17	sim_R1.trim	0.004646	0.825507
17	bsmap	0.004633	0.9078105
17	gsnap	0.002674	0.9120395
17	bis2	0.000581	0.850766
17	bsmooth	0.0061605	0.887737
17	bis1	0.010036	0.861851
17	last	0.0019855	0.896816
18	bwa	4e-05	0.8971575
18	sim_R1.trim	0.004457	0.812441
18	bsmap	0.004633	0.9078105
18	gsnap	0.002674	0.9120395
18	bis2	0.000581	0.850766
18	bsmooth	0.0059	0.8846585
18	bis1	0.010036	0.861851
18	last	0.0018945	0.896396
19	bwa	3.85e-05	0.8965935
19	sim_R1.trim	0.004322	0.798433
19	bsmap	0.004633	0.9078105
19	gsnap	0.002674	0.9120395
19	bis2	0.000581	0.850766
19	bsmooth	0.005714	0.881886
19	bis1	0.010036	0.861851
19	last	0.001776	0.8955995
20	bwa	3.75e-05	0.896085
20	sim_R1.trim	0.00419	0.798432
20	bsmap	0.004633	0.9078105
20	gsnap	0.002674	0.9120395
20	bis2	0.000581	0.850766
20	bsmooth	0.005714	0.881886
20	bis1	0.010036	0.861851
20	last	0.0016965	0.895011
21	bwa	3.75e-05	0.895651
21	sim_R1.trim	0.004098	0.798431
21	bsmap	0.004633	0.9078105
21	gsnap	0.002674	0.9120395
21	bis2	0.000581	0.850766
21	bsmooth	0.005714	0.881886
21	bis1	0.010036	0.861851
21	last	0.001629	0.8946045
22	bwa	3.6e-05	0.895016
22	sim_R1.trim	0.003999	0.784693
22	bsmap	0.004633	0.9078105
22	gsnap	0.002674	0.9120395
22	bis2	0.000581	0.850766
22	bsmooth	0.005632	0.8793565
22	bis1	0.010036	0.861851
22	last	0.001493	0.8929515
23	bwa	3.6e-05	0.8944085
23	sim_R1.trim	0.000537	0.78469
23	bsmap	0.004633	0.9078105
23	gsnap	0.002674	0.9120395
23	bis2	0.000581	0.850766
23	bsmooth	0.0055645	0.877236
23	bis1	0.010036	0.861851
23	last	0.001456	0.8926975
24	bwa	3.6e-05	0.8937565
24	sim_R1.trim	0.000537	0.78469
24	bsmap	0.004633	0.9078105
24	gsnap	0.002674	0.9120395
24	bis2	0.000581	0.850766
24	bsmooth	0.0052185	0.877219
24	bis1	0.010036	0.861851
24	last	0.0013985	0.892165
25	bwa	3.6e-05	0.893229
25	sim_R1.trim	0.000372	0.78469
25	bsmap	0.004633	0.9078105
25	gsnap	0.002674	0.9120395
25	bis2	0.000581	0.850766
25	bsmooth	0.004869	0.8772
25	bis1	0.010036	0.861851
25	last	0.0012685	0.8901465
26	bwa	3.6e-05	0.8925575
26	sim_R1.trim	0.000305	0.773565
26	bsmap	0.004633	0.9078105
26	gsnap	0.002674	0.9120395
26	bis2	0.000581	0.850766
26	bsmooth	0.0047965	0.875112
26	bis1	0.010036	0.861851
26	last	0.001249	0.890044
27	bwa	3.6e-05	0.891854
27	sim_R1.trim	0.000305	0.773565
27	bsmap	0.004633	0.9078105
27	gsnap	0.002674	0.9120395
27	bis2	0.000581	0.850766
27	bsmooth	0.004769	0.8728825
27	bis1	0.010036	0.861851
27	last	0.0012305	0.889941
28	bwa	3.4e-05	0.891359
28	sim_R1.trim	0.000305	0.773565
28	bsmap	0.004633	0.9078105
28	gsnap	0.002674	0.9120395
28	bis2	0.000581	0.850766
28	bsmooth	0.0047505	0.871417
28	bis1	0.010036	0.861851
28	last	0.001207	0.889689
29	bwa	3.4e-05	0.8905895
29	sim_R1.trim	0.000192	0.773564
29	bsmap	0.004633	0.9078105
29	gsnap	0.002674	0.9120395
29	bis2	0.000581	0.850766
29	bsmooth	0.0047505	0.871417
29	bis1	0.010036	0.861851
29	last	0.0011895	0.889571
30	bwa	3.4e-05	0.890012
30	sim_R1.trim	0.000192	0.773564
30	bsmap	0.004633	0.9078105
30	gsnap	0.002674	0.9120395
30	bis2	0.000581	0.850766
30	bsmooth	0.0047505	0.871417
30	bis1	0.010036	0.861851
30	last	0.00117	0.889398
31	bwa	3.35e-05	0.8893565
31	sim_R1.trim	0.000192	0.773564
31	bsmap	0.004633	0.9078105
31	gsnap	0.002674	0.9120395
31	bis2	0.000581	0.850766
31	bsmooth	0.0038225	0.859467
31	bis1	0.010036	0.861851
31	last	0.0011435	0.888963
32	bwa	3.25e-05	0.8884265
32	sim_R1.trim	0.000192	0.773547
32	bsmap	0.004633	0.9078105
32	gsnap	0.002674	0.9120395
32	bis2	0.000581	0.850766
32	bsmooth	0.0035855	0.849104
32	bis1	0.010036	0.861851
32	last	0.001136	0.8888095
33	bwa	3.25e-05	0.888244
33	sim_R1.trim	0.000192	0.771229
33	bsmap	0.004633	0.9078105
33	gsnap	0.002674	0.9120395
33	bis2	0.000581	0.850766
33	bsmooth	0.003466	0.8396195
33	bis1	0.010036	0.861851
33	last	0.0011165	0.8886315
34	bwa	3.25e-05	0.886384
34	sim_R1.trim	0.000192	0.761261
34	bsmap	0.004633	0.9078105
34	gsnap	0.002674	0.9120395
34	bis2	0.000581	0.850766
34	bsmooth	0.003462	0.8392355
34	bis1	0.010036	0.861851
34	last	0.0010905	0.8882615
35	bwa	3.15e-05	0.886035
35	sim_R1.trim	0.000191	0.745331
35	bsmap	0.004633	0.9078105
35	gsnap	0.002674	0.9120395
35	bis2	0.000581	0.850766
35	bsmooth	0.00338	0.830551
35	bis1	0.010036	0.861851
35	last	0.001076	0.888074
36	bwa	3.15e-05	0.885712
36	sim_R1.trim	0.000191	0.736292
36	bsmap	0.004633	0.9078105
36	gsnap	0.002674	0.9120395
36	bis2	0.000581	0.850766
36	bsmooth	0.003326	0.824217
36	bis1	0.010036	0.861851
36	last	0.001052	0.8878315
37	bwa	3.1e-05	0.8853775
37	sim_R1.trim	9.5e-05	0.736272
37	bsmap	0.004633	0.9078105
37	gsnap	0.002674	0.9120395
37	bis2	0.000581	0.850766
37	bsmooth	0.0032895	0.818481
37	bis1	0.010036	0.861851
37	last	0.0010365	0.887385
38	bwa	3e-05	0.8849215
38	sim_R1.trim	5.9e-05	0.721788
38	bsmap	0.004633	0.9078105
38	gsnap	0.002674	0.9120395
38	bis2	0.000581	0.850766
38	bsmooth	0.0032535	0.81198
38	bis1	0.010036	0.861851
38	last	0.001017	0.8871305
39	bwa	3e-05	0.884587
39	sim_R1.trim	3.8e-05	0.705541
39	bsmap	0.004633	0.9078105
39	gsnap	0.002674	0.9120395
39	bis2	0.000581	0.850766
39	bsmooth	0.0032335	0.8068905
39	bis1	0.010036	0.861851
39	last	0.000995	0.886795
40	bwa	2.85e-05	0.884029
40	sim_R1.trim	2.5e-05	0.689051
40	bsmap	0.004633	0.9078105
40	gsnap	0.0	0.0
40	bis2	0.000581	0.850766
40	bsmooth	0.0032285	0.804297
40	bis1	0.010036	0.861851
40	last	0.0009745	0.8862685
41	bwa	7e-06	0.8592885
41	sim_R1.trim	2.5e-05	0.651886
41	bsmap	0.004633	0.9078105
41	gsnap	0.0	0.0
41	bis2	0.000581	0.850766
41	bsmooth	0.0025815	0.804293
41	bis1	0.010036	0.861851
41	last	0.000964	0.8859415
42	bwa	7e-06	0.8581135
42	sim_R1.trim	1.8e-05	0.651886
42	bsmap	0.004633	0.9078105
42	gsnap	0.0	0.0
42	bis2	0.000581	0.850766
42	bsmooth	0.0025815	0.804293
42	bis1	0.010036	0.861851
42	last	0.000948	0.885558
43	bwa	7e-06	0.856326
43	sim_R1.trim	1.3e-05	0.651885
43	bsmap	0.004633	0.9078105
43	gsnap	0.0	0.0
43	bis2	0.000581	0.850766
43	bsmooth	0.0	0.0
43	bis1	0.010036	0.861851
43	last	0.000923	0.8848115
44	bwa	7e-06	0.853854
44	sim_R1.trim	1.3e-05	0.651885
44	bsmap	0.004633	0.9078105
44	gsnap	0.0	0.0
44	bis2	0.000581	0.850766
44	bsmooth	0.0	0.0
44	bis1	0.010036	0.861851
44	last	0.0009075	0.8844445
45	bwa	7e-06	0.853414
45	sim_R1.trim	0.0	0.0
45	bsmap	0.004633	0.9078105
45	gsnap	0.0	0.0
45	bis2	0.000581	0.850766
45	bsmooth	0.0	0.0
45	bis1	0.010036	0.861851
45	last	0.000887	0.883992
46	bwa	7e-06	0.8492455
46	sim_R1.trim	0.0	0.0
46	bsmap	0.004633	0.9078105
46	gsnap	0.0	0.0
46	bis2	0.000581	0.850766
46	bsmooth	0.0	0.0
46	bis1	0.010036	0.861851
46	last	0.0008635	0.883029
47	bwa	7e-06	0.8483815
47	sim_R1.trim	0.0	0.0
47	bsmap	0.004633	0.9078105
47	gsnap	0.0	0.0
47	bis2	0.000581	0.850766
47	bsmooth	0.0	0.0
47	bis1	0.010036	0.861851
47	last	0.0008445	0.8827545
48	bwa	7e-06	0.847791
48	sim_R1.trim	0.0	0.0
48	bsmap	0.004633	0.9078105
48	gsnap	0.0	0.0
48	bis2	0.000581	0.850766
48	bsmooth	0.0	0.0
48	bis1	0.010036	0.861851
48	last	0.000826	0.882183
49	bwa	7e-06	0.846316
49	sim_R1.trim	0.0	0.0
49	bsmap	0.004633	0.9078105
49	gsnap	0.0	0.0
49	bis2	0.000581	0.850766
49	bsmooth	0.0	0.0
49	bis1	0.010036	0.861851
49	last	0.000801	0.8811065
50	bwa	7e-06	0.845466
50	sim_R1.trim	0.0	0.0
50	bsmap	0.004633	0.9078105
50	gsnap	0.0	0.0
50	bis2	0.000581	0.850766
50	bsmooth	0.0	0.0
50	bis1	0.010036	0.861851
50	last	0.0007855	0.881015
51	bwa	7e-06	0.843749
51	sim_R1.trim	0.0	0.0
51	bsmap	0.004633	0.9078105
51	gsnap	0.0	0.0
51	bis2	0.000581	0.850766
51	bsmooth	0.0	0.0
51	bis1	0.010036	0.861851
51	last	0.000773	0.8808565
52	bwa	6.5e-06	0.841432
52	sim_R1.trim	0.0	0.0
52	bsmap	0.004633	0.9078105
52	gsnap	0.0	0.0
52	bis2	0.000581	0.850766
52	bsmooth	0.0	0.0
52	bis1	0.010036	0.861851
52	last	0.000758	0.880548
53	bwa	6.5e-06	0.8407315
53	sim_R1.trim	0.0	0.0
53	bsmap	0.004633	0.9078105
53	gsnap	0.0	0.0
53	bis2	0.000581	0.850766
53	bsmooth	0.0	0.0
53	bis1	0.010036	0.861851
53	last	0.0007475	0.880431
54	bwa	6e-06	0.8353395
54	sim_R1.trim	0.0	0.0
54	bsmap	0.004633	0.9078105
54	gsnap	0.0	0.0
54	bis2	0.000581	0.850766
54	bsmooth	0.0	0.0
54	bis1	0.010036	0.861851
54	last	0.000736	0.8802555
55	bwa	6e-06	0.8349965
55	sim_R1.trim	0.0	0.0
55	bsmap	0.004633	0.9078105
55	gsnap	0.0	0.0
55	bis2	0.000581	0.850766
55	bsmooth	0.0	0.0
55	bis1	0.010036	0.861851
55	last	0.0007235	0.8799145
56	bwa	6e-06	0.8346945
56	sim_R1.trim	0.0	0.0
56	bsmap	0.004633	0.9078105
56	gsnap	0.0	0.0
56	bis2	0.000581	0.850766
56	bsmooth	0.0	0.0
56	bis1	0.010036	0.861851
56	last	0.0007185	0.8798065
57	bwa	6e-06	0.8333855
57	sim_R1.trim	0.0	0.0
57	bsmap	0.004633	0.9078105
57	gsnap	0.0	0.0
57	bis2	0.000581	0.850766
57	bsmooth	0.0	0.0
57	bis1	0.010036	0.861851
57	last	0.0007095	0.879605
58	bwa	6e-06	0.833252
58	sim_R1.trim	0.0	0.0
58	bsmap	0.004633	0.9078105
58	gsnap	0.0	0.0
58	bis2	0.000581	0.850766
58	bsmooth	0.0	0.0
58	bis1	0.010036	0.861851
58	last	0.000696	0.879262
59	bwa	6e-06	0.8331895
59	sim_R1.trim	0.0	0.0
59	bsmap	0.004633	0.9078105
59	gsnap	0.0	0.0
59	bis2	0.000581	0.850766
59	bsmooth	0.0	0.0
59	bis1	0.010036	0.861851
59	last	0.0006885	0.8791345
60	bwa	6e-06	0.8331205
60	sim_R1.trim	0.0	0.0
60	bsmap	0.004633	0.9078105
60	gsnap	0.0	0.0
60	bis2	0.000581	0.850766
60	bsmooth	0.0	0.0
60	bis1	0.010036	0.861851
60	last	0.0006785	0.8788975
61	bwa	0.0	0.0
61	sim_R1.trim	0.0	0.0
61	bsmap	0.004633	0.9078105
61	gsnap	0.0	0.0
61	bis2	0.000581	0.850766
61	bsmooth	0.0	0.0
61	bis1	0.010036	0.861851
61	last	0.00067	0.878564
62	bwa	0.0	0.0
62	sim_R1.trim	0.0	0.0
62	bsmap	0.004633	0.9078105
62	gsnap	0.0	0.0
62	bis2	0.000581	0.850766
62	bsmooth	0.0	0.0
62	bis1	0.010036	0.861851
62	last	0.000666	0.878375
63	bwa	0.0	0.0
63	sim_R1.trim	0.0	0.0
63	bsmap	0.004633	0.9078105
63	gsnap	0.0	0.0
63	bis2	0.000581	0.850766
63	bsmooth	0.0	0.0
63	bis1	0.010036	0.861851
63	last	0.000658	0.878091
64	bwa	0.0	0.0
64	sim_R1.trim	0.0	0.0
64	bsmap	0.004633	0.9078105
64	gsnap	0.0	0.0
64	bis2	0.000581	0.850766
64	bsmooth	0.0	0.0
64	bis1	0.010036	0.861851
64	last	0.000646	0.877713
65	bwa	0.0	0.0
65	sim_R1.trim	0.0	0.0
65	bsmap	0.004633	0.9078105
65	gsnap	0.0	0.0
65	bis2	0.000581	0.850766
65	bsmooth	0.0	0.0
65	bis1	0.010036	0.861851
65	last	0.000638	0.8774645
66	bwa	0.0	0.0
66	sim_R1.trim	0.0	0.0
66	bsmap	0.004633	0.9078105
66	gsnap	0.0	0.0
66	bis2	0.000581	0.850766
66	bsmooth	0.0	0.0
66	bis1	0.010036	0.861851
66	last	0.0006315	0.877065
67	bwa	0.0	0.0
67	sim_R1.trim	0.0	0.0
67	bsmap	0.004633	0.9078105
67	gsnap	0.0	0.0
67	bis2	0.000581	0.850766
67	bsmooth	0.0	0.0
67	bis1	0.010036	0.861851
67	last	0.000618	0.8765325
68	bwa	0.0	0.0
68	sim_R1.trim	0.0	0.0
68	bsmap	0.004633	0.9078105
68	gsnap	0.0	0.0
68	bis2	0.000581	0.850766
68	bsmooth	0.0	0.0
68	bis1	0.010036	0.861851
68	last	0.000599	0.8761725
69	bwa	0.0	0.0
69	sim_R1.trim	0.0	0.0
69	bsmap	0.004633	0.9078105
69	gsnap	0.0	0.0
69	bis2	0.000581	0.850766
69	bsmooth	0.0	0.0
69	bis1	0.010036	0.861851
69	last	0.0005815	0.8756665
70	bwa	0.0	0.0
70	sim_R1.trim	0.0	0.0
70	bsmap	0.004633	0.9078105
70	gsnap	0.0	0.0
70	bis2	0.000581	0.850766
70	bsmooth	0.0	0.0
70	bis1	0.010036	0.861851
70	last	0.0005495	0.8750535
71	bwa	0.0	0.0
71	sim_R1.trim	0.0	0.0
71	bsmap	0.004633	0.9078105
71	gsnap	0.0	0.0
71	bis2	0.000581	0.850766
71	bsmooth	0.0	0.0
71	bis1	0.010036	0.861851
71	last	0.000522	0.8746985
72	bwa	0.0	0.0
72	sim_R1.trim	0.0	0.0
72	bsmap	0.004633	0.9078105
72	gsnap	0.0	0.0
72	bis2	0.000581	0.850766
72	bsmooth	0.0	0.0
72	bis1	0.010036	0.861851
72	last	0.0004875	0.8741315
73	bwa	0.0	0.0
73	sim_R1.trim	0.0	0.0
73	bsmap	0.004633	0.9078105
73	gsnap	0.0	0.0
73	bis2	0.000581	0.850766
73	bsmooth	0.0	0.0
73	bis1	0.010036	0.861851
73	last	0.000442	0.8736235
74	bwa	0.0	0.0
74	sim_R1.trim	0.0	0.0
74	bsmap	0.004633	0.9078105
74	gsnap	0.0	0.0
74	bis2	0.000581	0.850766
74	bsmooth	0.0	0.0
74	bis1	0.010036	0.861851
74	last	0.000415	0.873327
75	bwa	0.0	0.0
75	sim_R1.trim	0.0	0.0
75	bsmap	0.004633	0.9078105
75	gsnap	0.0	0.0
75	bis2	0.000581	0.850766
75	bsmooth	0.0	0.0
75	bis1	0.010036	0.861851
75	last	0.00039	0.8728985
76	bwa	0.0	0.0
76	sim_R1.trim	0.0	0.0
76	bsmap	0.004633	0.9078105
76	gsnap	0.0	0.0
76	bis2	0.000581	0.850766
76	bsmooth	0.0	0.0
76	bis1	0.010036	0.861851
76	last	0.000367	0.872489
77	bwa	0.0	0.0
77	sim_R1.trim	0.0	0.0
77	bsmap	0.004633	0.9078105
77	gsnap	0.0	0.0
77	bis2	0.000581	0.850766
77	bsmooth	0.0	0.0
77	bis1	0.010036	0.861851
77	last	0.000354	0.8720225
78	bwa	0.0	0.0
78	sim_R1.trim	0.0	0.0
78	bsmap	0.004633	0.9078105
78	gsnap	0.0	0.0
78	bis2	0.000581	0.850766
78	bsmooth	0.0	0.0
78	bis1	0.010036	0.861851
78	last	0.0003355	0.8713485
79	bwa	0.0	0.0
79	sim_R1.trim	0.0	0.0
79	bsmap	0.004633	0.9078105
79	gsnap	0.0	0.0
79	bis2	0.000581	0.850766
79	bsmooth	0.0	0.0
79	bis1	0.010036	0.861851
79	last	0.000327	0.870691
80	bwa	0.0	0.0
80	sim_R1.trim	0.0	0.0
80	bsmap	0.004633	0.9078105
80	gsnap	0.0	0.0
80	bis2	0.000581	0.850766
80	bsmooth	0.0	0.0
80	bis1	0.010036	0.861851
80	last	0.0003205	0.869952
81	bwa	0.0	0.0
81	sim_R1.trim	0.0	0.0
81	bsmap	0.004633	0.9078105
81	gsnap	0.0	0.0
81	bis2	0.000581	0.850766
81	bsmooth	0.0	0.0
81	bis1	0.010036	0.861851
81	last	0.000311	0.869004
82	bwa	0.0	0.0
82	sim_R1.trim	0.0	0.0
82	bsmap	0.004633	0.9078105
82	gsnap	0.0	0.0
82	bis2	0.000581	0.850766
82	bsmooth	0.0	0.0
82	bis1	0.010036	0.861851
82	last	0.000306	0.868166
83	bwa	0.0	0.0
83	sim_R1.trim	0.0	0.0
83	bsmap	0.004633	0.9078105
83	gsnap	0.0	0.0
83	bis2	0.000581	0.850766
83	bsmooth	0.0	0.0
83	bis1	0.010036	0.861851
83	last	0.000303	0.867304
84	bwa	0.0	0.0
84	sim_R1.trim	0.0	0.0
84	bsmap	0.004633	0.9078105
84	gsnap	0.0	0.0
84	bis2	0.000581	0.850766
84	bsmooth	0.0	0.0
84	bis1	0.010036	0.861851
84	last	0.000302	0.866299
85	bwa	0.0	0.0
85	sim_R1.trim	0.0	0.0
85	bsmap	0.004633	0.9078105
85	gsnap	0.0	0.0
85	bis2	0.000581	0.850766
85	bsmooth	0.0	0.0
85	bis1	0.010036	0.861851
85	last	0.000301	0.8654605
86	bwa	0.0	0.0
86	sim_R1.trim	0.0	0.0
86	bsmap	0.004633	0.9078105
86	gsnap	0.0	0.0
86	bis2	0.000581	0.850766
86	bsmooth	0.0	0.0
86	bis1	0.010036	0.861851
86	last	0.0002955	0.8645345
87	bwa	0.0	0.0
87	sim_R1.trim	0.0	0.0
87	bsmap	0.004633	0.9078105
87	gsnap	0.0	0.0
87	bis2	0.000581	0.850766
87	bsmooth	0.0	0.0
87	bis1	0.010036	0.861851
87	last	0.000292	0.8634285
88	bwa	0.0	0.0
88	sim_R1.trim	0.0	0.0
88	bsmap	0.004633	0.9078105
88	gsnap	0.0	0.0
88	bis2	0.000581	0.850766
88	bsmooth	0.0	0.0
88	bis1	0.010036	0.861851
88	last	0.00029	0.8625
89	bwa	0.0	0.0
89	sim_R1.trim	0.0	0.0
89	bsmap	0.004633	0.9078105
89	gsnap	0.0	0.0
89	bis2	0.000581	0.850766
89	bsmooth	0.0	0.0
89	bis1	0.010036	0.861851
89	last	0.000287	0.861218
90	bwa	0.0	0.0
90	sim_R1.trim	0.0	0.0
90	bsmap	0.004633	0.9078105
90	gsnap	0.0	0.0
90	bis2	0.000581	0.850766
90	bsmooth	0.0	0.0
90	bis1	0.010036	0.861851
90	last	0.0002815	0.860067
91	bwa	0.0	0.0
91	sim_R1.trim	0.0	0.0
91	bsmap	0.004633	0.9078105
91	gsnap	0.0	0.0
91	bis2	0.000581	0.850766
91	bsmooth	0.0	0.0
91	bis1	0.010036	0.861851
91	last	0.0002795	0.8588295
92	bwa	0.0	0.0
92	sim_R1.trim	0.0	0.0
92	bsmap	0.004633	0.9078105
92	gsnap	0.0	0.0
92	bis2	0.000581	0.850766
92	bsmooth	0.0	0.0
92	bis1	0.010036	0.861851
92	last	0.000278	0.8572145
93	bwa	0.0	0.0
93	sim_R1.trim	0.0	0.0
93	bsmap	0.004633	0.9078105
93	gsnap	0.0	0.0
93	bis2	0.000581	0.850766
93	bsmooth	0.0	0.0
93	bis1	0.010036	0.861851
93	last	0.0002745	0.8565695
94	bwa	0.0	0.0
94	sim_R1.trim	0.0	0.0
94	bsmap	0.004633	0.9078105
94	gsnap	0.0	0.0
94	bis2	0.000581	0.850766
94	bsmooth	0.0	0.0
94	bis1	0.010036	0.861851
94	last	0.000272	0.8561065
95	bwa	0.0	0.0
95	sim_R1.trim	0.0	0.0
95	bsmap	0.004633	0.9078105
95	gsnap	0.0	0.0
95	bis2	0.000581	0.850766
95	bsmooth	0.0	0.0
95	bis1	0.010036	0.861851
95	last	0.0002685	0.855559
96	bwa	0.0	0.0
96	sim_R1.trim	0.0	0.0
96	bsmap	0.004633	0.9078105
96	gsnap	0.0	0.0
96	bis2	0.000581	0.850766
96	bsmooth	0.0	0.0
96	bis1	0.010036	0.861851
96	last	0.0002645	0.854849
97	bwa	0.0	0.0
97	sim_R1.trim	0.0	0.0
97	bsmap	0.004633	0.9078105
97	gsnap	0.0	0.0
97	bis2	0.000581	0.850766
97	bsmooth	0.0	0.0
97	bis1	0.010036	0.861851
97	last	0.000264	0.8543565
98	bwa	0.0	0.0
98	sim_R1.trim	0.0	0.0
98	bsmap	0.004633	0.9078105
98	gsnap	0.0	0.0
98	bis2	0.000581	0.850766
98	bsmooth	0.0	0.0
98	bis1	0.010036	0.861851
98	last	0.0002625	0.85378
99	bwa	0.0	0.0
99	sim_R1.trim	0.0	0.0
99	bsmap	0.004633	0.9078105
99	gsnap	0.0	0.0
99	bis2	0.000581	0.850766
99	bsmooth	0.0	0.0
99	bis1	0.010036	0.861851
99	last	0.00026	0.853154
100	bwa	0.0	0.0
100	sim_R1.trim	0.0	0.0
100	bsmap	0.004633	0.9078105
100	gsnap	0.0	0.0
100	bis2	0.000581	0.850766
100	bsmooth	0.0	0.0
100	bis1	0.010036	0.861851
100	last	0.0002595	0.8525155
101	bwa	0.0	0.0
101	sim_R1.trim	0.0	0.0
101	bsmap	0.004633	0.9078105
101	gsnap	0.0	0.0
101	bis2	0.000581	0.850766
101	bsmooth	0.0	0.0
101	bis1	0.010036	0.861851
101	last	0.0002575	0.85173
102	bwa	0.0	0.0
102	sim_R1.trim	0.0	0.0
102	bsmap	0.004633	0.9078105
102	gsnap	0.0	0.0
102	bis2	0.000581	0.850766
102	bsmooth	0.0	0.0
102	bis1	0.010036	0.861851
102	last	0.0002555	0.850805
103	bwa	0.0	0.0
103	sim_R1.trim	0.0	0.0
103	bsmap	0.004633	0.9078105
103	gsnap	0.0	0.0
103	bis2	0.000581	0.850766
103	bsmooth	0.0	0.0
103	bis1	0.010036	0.861851
103	last	0.000254	0.849945
104	bwa	0.0	0.0
104	sim_R1.trim	0.0	0.0
104	bsmap	0.004633	0.9078105
104	gsnap	0.0	0.0
104	bis2	0.000581	0.850766
104	bsmooth	0.0	0.0
104	bis1	0.010036	0.861851
104	last	0.0002505	0.848978
105	bwa	0.0	0.0
105	sim_R1.trim	0.0	0.0
105	bsmap	0.004633	0.9078105
105	gsnap	0.0	0.0
105	bis2	0.000581	0.850766
105	bsmooth	0.0	0.0
105	bis1	0.010036	0.861851
105	last	0.0002485	0.8479575
106	bwa	0.0	0.0
106	sim_R1.trim	0.0	0.0
106	bsmap	0.004633	0.9078105
106	gsnap	0.0	0.0
106	bis2	0.000581	0.850766
106	bsmooth	0.0	0.0
106	bis1	0.010036	0.861851
106	last	0.000247	0.8469835
107	bwa	0.0	0.0
107	sim_R1.trim	0.0	0.0
107	bsmap	0.004633	0.9078105
107	gsnap	0.0	0.0
107	bis2	0.000581	0.850766
107	bsmooth	0.0	0.0
107	bis1	0.010036	0.861851
107	last	0.0002445	0.8459285
108	bwa	0.0	0.0
108	sim_R1.trim	0.0	0.0
108	bsmap	0.004633	0.9078105
108	gsnap	0.0	0.0
108	bis2	0.000581	0.850766
108	bsmooth	0.0	0.0
108	bis1	0.010036	0.861851
108	last	0.0002405	0.844748
109	bwa	0.0	0.0
109	sim_R1.trim	0.0	0.0
109	bsmap	0.004633	0.9078105
109	gsnap	0.0	0.0
109	bis2	0.000581	0.850766
109	bsmooth	0.0	0.0
109	bis1	0.010036	0.861851
109	last	0.0002385	0.84371
110	bwa	0.0	0.0
110	sim_R1.trim	0.0	0.0
110	bsmap	0.004633	0.9078105
110	gsnap	0.0	0.0
110	bis2	0.000581	0.850766
110	bsmooth	0.0	0.0
110	bis1	0.010036	0.861851
110	last	0.0002365	0.842633
111	bwa	0.0	0.0
111	sim_R1.trim	0.0	0.0
111	bsmap	0.004633	0.9078105
111	gsnap	0.0	0.0
111	bis2	0.000581	0.850766
111	bsmooth	0.0	0.0
111	bis1	0.010036	0.861851
111	last	0.0002355	0.841448
112	bwa	0.0	0.0
112	sim_R1.trim	0.0	0.0
112	bsmap	0.004633	0.9078105
112	gsnap	0.0	0.0
112	bis2	0.000581	0.850766
112	bsmooth	0.0	0.0
112	bis1	0.010036	0.861851
112	last	0.0002355	0.8403135
113	bwa	0.0	0.0
113	sim_R1.trim	0.0	0.0
113	bsmap	0.004633	0.9078105
113	gsnap	0.0	0.0
113	bis2	0.000581	0.850766
113	bsmooth	0.0	0.0
113	bis1	0.010036	0.861851
113	last	0.000231	0.839127
114	bwa	0.0	0.0
114	sim_R1.trim	0.0	0.0
114	bsmap	0.004633	0.9078105
114	gsnap	0.0	0.0
114	bis2	0.000581	0.850766
114	bsmooth	0.0	0.0
114	bis1	0.010036	0.861851
114	last	0.000229	0.838086
115	bwa	0.0	0.0
115	sim_R1.trim	0.0	0.0
115	bsmap	0.004633	0.9078105
115	gsnap	0.0	0.0
115	bis2	0.000581	0.850766
115	bsmooth	0.0	0.0
115	bis1	0.010036	0.861851
115	last	0.0002265	0.836999
116	bwa	0.0	0.0
116	sim_R1.trim	0.0	0.0
116	bsmap	0.004633	0.9078105
116	gsnap	0.0	0.0
116	bis2	0.000581	0.850766
116	bsmooth	0.0	0.0
116	bis1	0.010036	0.861851
116	last	0.000223	0.835944
117	bwa	0.0	0.0
117	sim_R1.trim	0.0	0.0
117	bsmap	0.004633	0.9078105
117	gsnap	0.0	0.0
117	bis2	0.000581	0.850766
117	bsmooth	0.0	0.0
117	bis1	0.010036	0.861851
117	last	0.000222	0.8353265
118	bwa	0.0	0.0
118	sim_R1.trim	0.0	0.0
118	bsmap	0.004633	0.9078105
118	gsnap	0.0	0.0
118	bis2	0.000581	0.850766
118	bsmooth	0.0	0.0
118	bis1	0.010036	0.861851
118	last	0.00022	0.8347745
119	bwa	0.0	0.0
119	sim_R1.trim	0.0	0.0
119	bsmap	0.004633	0.9078105
119	gsnap	0.0	0.0
119	bis2	0.000581	0.850766
119	bsmooth	0.0	0.0
119	bis1	0.010036	0.861851
119	last	0.0002165	0.834186
120	bwa	0.0	0.0
120	sim_R1.trim	0.0	0.0
120	bsmap	0.004633	0.9078105
120	gsnap	0.0	0.0
120	bis2	0.000581	0.850766
120	bsmooth	0.0	0.0
120	bis1	0.010036	0.861851
120	last	0.000213	0.833556
121	bwa	0.0	0.0
121	sim_R1.trim	0.0	0.0
121	bsmap	0.004633	0.9078105
121	gsnap	0.0	0.0
121	bis2	0.000581	0.850766
121	bsmooth	0.0	0.0
121	bis1	0.010036	0.861851
121	last	0.0002125	0.832912
122	bwa	0.0	0.0
122	sim_R1.trim	0.0	0.0
122	bsmap	0.004633	0.9078105
122	gsnap	0.0	0.0
122	bis2	0.000581	0.850766
122	bsmooth	0.0	0.0
122	bis1	0.010036	0.861851
122	last	0.0002085	0.832179
123	bwa	0.0	0.0
123	sim_R1.trim	0.0	0.0
123	bsmap	0.004633	0.9078105
123	gsnap	0.0	0.0
123	bis2	0.000581	0.850766
123	bsmooth	0.0	0.0
123	bis1	0.010036	0.861851
123	last	0.000207	0.831489
124	bwa	0.0	0.0
124	sim_R1.trim	0.0	0.0
124	bsmap	0.004633	0.9078105
124	gsnap	0.0	0.0
124	bis2	0.000581	0.850766
124	bsmooth	0.0	0.0
124	bis1	0.010036	0.861851
124	last	0.000206	0.830754
125	bwa	0.0	0.0
125	sim_R1.trim	0.0	0.0
125	bsmap	0.004633	0.9078105
125	gsnap	0.0	0.0
125	bis2	0.000581	0.850766
125	bsmooth	0.0	0.0
125	bis1	0.010036	0.861851
125	last	0.0002045	0.830011
126	bwa	0.0	0.0
126	sim_R1.trim	0.0	0.0
126	bsmap	0.004633	0.9078105
126	gsnap	0.0	0.0
126	bis2	0.000581	0.850766
126	bsmooth	0.0	0.0
126	bis1	0.010036	0.861851
126	last	0.000201	0.829037
127	bwa	0.0	0.0
127	sim_R1.trim	0.0	0.0
127	bsmap	0.004633	0.9078105
127	gsnap	0.0	0.0
127	bis2	0.000581	0.850766
127	bsmooth	0.0	0.0
127	bis1	0.010036	0.861851
127	last	0.0001995	0.828166
128	bwa	0.0	0.0
128	sim_R1.trim	0.0	0.0
128	bsmap	0.004633	0.9078105
128	gsnap	0.0	0.0
128	bis2	0.000581	0.850766
128	bsmooth	0.0	0.0
128	bis1	0.010036	0.861851
128	last	0.0001965	0.827566
129	bwa	0.0	0.0
129	sim_R1.trim	0.0	0.0
129	bsmap	0.004633	0.9078105
129	gsnap	0.0	0.0
129	bis2	0.000581	0.850766
129	bsmooth	0.0	0.0
129	bis1	0.010036	0.861851
129	last	0.0001945	0.826112
130	bwa	0.0	0.0
130	sim_R1.trim	0.0	0.0
130	bsmap	0.004633	0.9078105
130	gsnap	0.0	0.0
130	bis2	0.000581	0.850766
130	bsmooth	0.0	0.0
130	bis1	0.010036	0.861851
130	last	0.000194	0.8250545
131	bwa	0.0	0.0
131	sim_R1.trim	0.0	0.0
131	bsmap	0.004633	0.9078105
131	gsnap	0.0	0.0
131	bis2	0.000581	0.850766
131	bsmooth	0.0	0.0
131	bis1	0.010036	0.861851
131	last	0.00019	0.825035
132	bwa	0.0	0.0
132	sim_R1.trim	0.0	0.0
132	bsmap	0.004633	0.9078105
132	gsnap	0.0	0.0
132	bis2	0.000581	0.850766
132	bsmooth	0.0	0.0
132	bis1	0.010036	0.861851
132	last	0.0001885	0.8235195
133	bwa	0.0	0.0
133	sim_R1.trim	0.0	0.0
133	bsmap	0.004633	0.9078105
133	gsnap	0.0	0.0
133	bis2	0.000581	0.850766
133	bsmooth	0.0	0.0
133	bis1	0.010036	0.861851
133	last	0.000185	0.8212315
134	bwa	0.0	0.0
134	sim_R1.trim	0.0	0.0
134	bsmap	0.004633	0.9078105
134	gsnap	0.0	0.0
134	bis2	0.000581	0.850766
134	bsmooth	0.0	0.0
134	bis1	0.010036	0.861851
134	last	0.0001825	0.821214
135	bwa	0.0	0.0
135	sim_R1.trim	0.0	0.0
135	bsmap	0.004633	0.9078105
135	gsnap	0.0	0.0
135	bis2	0.000581	0.850766
135	bsmooth	0.0	0.0
135	bis1	0.010036	0.861851
135	last	0.0001815	0.8211915
136	bwa	0.0	0.0
136	sim_R1.trim	0.0	0.0
136	bsmap	0.004633	0.9078105
136	gsnap	0.0	0.0
136	bis2	0.000581	0.850766
136	bsmooth	0.0	0.0
136	bis1	0.010036	0.861851
136	last	0.000177	0.816468
137	bwa	0.0	0.0
137	sim_R1.trim	0.0	0.0
137	bsmap	0.004633	0.9078105
137	gsnap	0.0	0.0
137	bis2	0.000581	0.850766
137	bsmooth	0.0	0.0
137	bis1	0.010036	0.861851
137	last	0.000177	0.816468
138	bwa	0.0	0.0
138	sim_R1.trim	0.0	0.0
138	bsmap	0.004633	0.9078105
138	gsnap	0.0	0.0
138	bis2	0.000581	0.850766
138	bsmooth	0.0	0.0
138	bis1	0.010036	0.861851
138	last	0.0001745	0.8164485
139	bwa	0.0	0.0
139	sim_R1.trim	0.0	0.0
139	bsmap	0.004633	0.9078105
139	gsnap	0.0	0.0
139	bis2	0.000581	0.850766
139	bsmooth	0.0	0.0
139	bis1	0.010036	0.861851
139	last	0.0001715	0.816381
140	bwa	0.0	0.0
140	sim_R1.trim	0.0	0.0
140	bsmap	0.004633	0.9078105
140	gsnap	0.0	0.0
140	bis2	0.000581	0.850766
140	bsmooth	0.0	0.0
140	bis1	0.010036	0.861851
140	last	0.0001715	0.816381
141	bwa	0.0	0.0
141	sim_R1.trim	0.0	0.0
141	bsmap	0.004633	0.9078105
141	gsnap	0.0	0.0
141	bis2	0.000581	0.850766
141	bsmooth	0.0	0.0
141	bis1	0.010036	0.861851
141	last	0.0001715	0.816381
142	bwa	0.0	0.0
142	sim_R1.trim	0.0	0.0
142	bsmap	0.004633	0.9078105
142	gsnap	0.0	0.0
142	bis2	0.000581	0.850766
142	bsmooth	0.0	0.0
142	bis1	0.010036	0.861851
142	last	0.0001685	0.8163365
143	bwa	0.0	0.0
143	sim_R1.trim	0.0	0.0
143	bsmap	0.004633	0.9078105
143	gsnap	0.0	0.0
143	bis2	0.000581	0.850766
143	bsmooth	0.0	0.0
143	bis1	0.010036	0.861851
143	last	0.0001685	0.8163365
144	bwa	0.0	0.0
144	sim_R1.trim	0.0	0.0
144	bsmap	0.004633	0.9078105
144	gsnap	0.0	0.0
144	bis2	0.000581	0.850766
144	bsmooth	0.0	0.0
144	bis1	0.010036	0.861851
144	last	0.0001685	0.8163365
145	bwa	0.0	0.0
145	sim_R1.trim	0.0	0.0
145	bsmap	0.004633	0.9078105
145	gsnap	0.0	0.0
145	bis2	0.000581	0.850766
145	bsmooth	0.0	0.0
145	bis1	0.010036	0.861851
145	last	0.0001685	0.8163365
146	bwa	0.0	0.0
146	sim_R1.trim	0.0	0.0
146	bsmap	0.004633	0.9078105
146	gsnap	0.0	0.0
146	bis2	0.000581	0.850766
146	bsmooth	0.0	0.0
146	bis1	0.010036	0.861851
146	last	0.0001685	0.8163365
147	bwa	0.0	0.0
147	sim_R1.trim	0.0	0.0
147	bsmap	0.004633	0.9078105
147	gsnap	0.0	0.0
147	bis2	0.000581	0.850766
147	bsmooth	0.0	0.0
147	bis1	0.010036	0.861851
147	last	0.0001685	0.8163365
148	bwa	0.0	0.0
148	sim_R1.trim	0.0	0.0
148	bsmap	0.004633	0.9078105
148	gsnap	0.0	0.0
148	bis2	0.000581	0.850766
148	bsmooth	0.0	0.0
148	bis1	0.010036	0.861851
148	last	0.0001685	0.8163365
149	bwa	0.0	0.0
149	sim_R1.trim	0.0	0.0
149	bsmap	0.004633	0.9078105
149	gsnap	0.0	0.0
149	bis2	0.000581	0.850766
149	bsmooth	0.0	0.0
149	bis1	0.010036	0.861851
149	last	0.0001685	0.8163365
150	bwa	0.0	0.0
150	sim_R1.trim	0.0	0.0
150	bsmap	0.004633	0.9078105
150	gsnap	0.0	0.0
150	bis2	0.000581	0.850766
150	bsmooth	0.0	0.0
150	bis1	0.010036	0.861851
150	last	0.0001685	0.8163365
151	bwa	0.0	0.0
151	sim_R1.trim	0.0	0.0
151	bsmap	0.004633	0.9078105
151	gsnap	0.0	0.0
151	bis2	0.000581	0.850766
151	bsmooth	0.0	0.0
151	bis1	0.010036	0.861851
151	last	0.0001685	0.8163365
152	bwa	0.0	0.0
152	sim_R1.trim	0.0	0.0
152	bsmap	0.004633	0.9078105
152	gsnap	0.0	0.0
152	bis2	0.000581	0.850766
152	bsmooth	0.0	0.0
152	bis1	0.010036	0.861851
152	last	0.0001685	0.8163365
153	bwa	0.0	0.0
153	sim_R1.trim	0.0	0.0
153	bsmap	0.004633	0.9078105
153	gsnap	0.0	0.0
153	bis2	0.000581	0.850766
153	bsmooth	0.0	0.0
153	bis1	0.010036	0.861851
153	last	0.0001685	0.8163365
154	bwa	0.0	0.0
154	sim_R1.trim	0.0	0.0
154	bsmap	0.004633	0.9078105
154	gsnap	0.0	0.0
154	bis2	0.000581	0.850766
154	bsmooth	0.0	0.0
154	bis1	0.010036	0.861851
154	last	0.0001685	0.8163365
155	bwa	0.0	0.0
155	sim_R1.trim	0.0	0.0
155	bsmap	0.004633	0.9078105
155	gsnap	0.0	0.0
155	bis2	0.000581	0.850766
155	bsmooth	0.0	0.0
155	bis1	0.010036	0.861851
155	last	0.0001685	0.8163365
156	bwa	0.0	0.0
156	sim_R1.trim	0.0	0.0
156	bsmap	0.004633	0.9078105
156	gsnap	0.0	0.0
156	bis2	0.000581	0.850766
156	bsmooth	0.0	0.0
156	bis1	0.010036	0.861851
156	last	0.0001685	0.8163365
157	bwa	0.0	0.0
157	sim_R1.trim	0.0	0.0
157	bsmap	0.004633	0.9078105
157	gsnap	0.0	0.0
157	bis2	0.000581	0.850766
157	bsmooth	0.0	0.0
157	bis1	0.010036	0.861851
157	last	0.0001685	0.8163365
158	bwa	0.0	0.0
158	sim_R1.trim	0.0	0.0
158	bsmap	0.004633	0.9078105
158	gsnap	0.0	0.0
158	bis2	0.000581	0.850766
158	bsmooth	0.0	0.0
158	bis1	0.010036	0.861851
158	last	0.0001685	0.8163365
159	bwa	0.0	0.0
159	sim_R1.trim	0.0	0.0
159	bsmap	0.004633	0.9078105
159	gsnap	0.0	0.0
159	bis2	0.000581	0.850766
159	bsmooth	0.0	0.0
159	bis1	0.010036	0.861851
159	last	0.0001685	0.8163365
160	bwa	0.0	0.0
160	sim_R1.trim	0.0	0.0
160	bsmap	0.004633	0.9078105
160	gsnap	0.0	0.0
160	bis2	0.000581	0.850766
160	bsmooth	0.0	0.0
160	bis1	0.010036	0.861851
160	last	0.0001685	0.8163365
161	bwa	0.0	0.0
161	sim_R1.trim	0.0	0.0
161	bsmap	0.004633	0.9078105
161	gsnap	0.0	0.0
161	bis2	0.000581	0.850766
161	bsmooth	0.0	0.0
161	bis1	0.010036	0.861851
161	last	0.0001685	0.8163365
162	bwa	0.0	0.0
162	sim_R1.trim	0.0	0.0
162	bsmap	0.004633	0.9078105
162	gsnap	0.0	0.0
162	bis2	0.000581	0.850766
162	bsmooth	0.0	0.0
162	bis1	0.010036	0.861851
162	last	0.0001685	0.8163365
163	bwa	0.0	0.0
163	sim_R1.trim	0.0	0.0
163	bsmap	0.004633	0.9078105
163	gsnap	0.0	0.0
163	bis2	0.000581	0.850766
163	bsmooth	0.0	0.0
163	bis1	0.010036	0.861851
163	last	0.0001685	0.8163365
164	bwa	0.0	0.0
164	sim_R1.trim	0.0	0.0
164	bsmap	0.004633	0.9078105
164	gsnap	0.0	0.0
164	bis2	0.000581	0.850766
164	bsmooth	0.0	0.0
164	bis1	0.010036	0.861851
164	last	0.0001685	0.8163365
165	bwa	0.0	0.0
165	sim_R1.trim	0.0	0.0
165	bsmap	0.004633	0.9078105
165	gsnap	0.0	0.0
165	bis2	0.000581	0.850766
165	bsmooth	0.0	0.0
165	bis1	0.010036	0.861851
165	last	0.0001685	0.8163365
166	bwa	0.0	0.0
166	sim_R1.trim	0.0	0.0
166	bsmap	0.004633	0.9078105
166	gsnap	0.0	0.0
166	bis2	0.000581	0.850766
166	bsmooth	0.0	0.0
166	bis1	0.010036	0.861851
166	last	0.0001685	0.8163365
167	bwa	0.0	0.0
167	sim_R1.trim	0.0	0.0
167	bsmap	0.004633	0.9078105
167	gsnap	0.0	0.0
167	bis2	0.000581	0.850766
167	bsmooth	0.0	0.0
167	bis1	0.010036	0.861851
167	last	0.0001685	0.8163365
168	bwa	0.0	0.0
168	sim_R1.trim	0.0	0.0
168	bsmap	0.004633	0.9078105
168	gsnap	0.0	0.0
168	bis2	0.000581	0.850766
168	bsmooth	0.0	0.0
168	bis1	0.010036	0.861851
168	last	0.0001685	0.8163365
169	bwa	0.0	0.0
169	sim_R1.trim	0.0	0.0
169	bsmap	0.004633	0.9078105
169	gsnap	0.0	0.0
169	bis2	0.000581	0.850766
169	bsmooth	0.0	0.0
169	bis1	0.010036	0.861851
169	last	0.0001685	0.8163365
170	bwa	0.0	0.0
170	sim_R1.trim	0.0	0.0
170	bsmap	0.004633	0.9078105
170	gsnap	0.0	0.0
170	bis2	0.000581	0.850766
170	bsmooth	0.0	0.0
170	bis1	0.010036	0.861851
170	last	0.0001685	0.8163365
171	bwa	0.0	0.0
171	sim_R1.trim	0.0	0.0
171	bsmap	0.004633	0.9078105
171	gsnap	0.0	0.0
171	bis2	0.000581	0.850766
171	bsmooth	0.0	0.0
171	bis1	0.010036	0.861851
171	last	0.0001685	0.8163365
172	bwa	0.0	0.0
172	sim_R1.trim	0.0	0.0
172	bsmap	0.004633	0.9078105
172	gsnap	0.0	0.0
172	bis2	0.000581	0.850766
172	bsmooth	0.0	0.0
172	bis1	0.010036	0.861851
172	last	0.0001685	0.8163365
173	bwa	0.0	0.0
173	sim_R1.trim	0.0	0.0
173	bsmap	0.004633	0.9078105
173	gsnap	0.0	0.0
173	bis2	0.000581	0.850766
173	bsmooth	0.0	0.0
173	bis1	0.010036	0.861851
173	last	0.0001685	0.8163365
174	bwa	0.0	0.0
174	sim_R1.trim	0.0	0.0
174	bsmap	0.004633	0.9078105
174	gsnap	0.0	0.0
174	bis2	0.000581	0.850766
174	bsmooth	0.0	0.0
174	bis1	0.010036	0.861851
174	last	0.0001685	0.8163365
175	bwa	0.0	0.0
175	sim_R1.trim	0.0	0.0
175	bsmap	0.004633	0.9078105
175	gsnap	0.0	0.0
175	bis2	0.000581	0.850766
175	bsmooth	0.0	0.0
175	bis1	0.010036	0.861851
175	last	0.0001685	0.8163365
176	bwa	0.0	0.0
176	sim_R1.trim	0.0	0.0
176	bsmap	0.004633	0.9078105
176	gsnap	0.0	0.0
176	bis2	0.000581	0.850766
176	bsmooth	0.0	0.0
176	bis1	0.010036	0.861851
176	last	0.0001685	0.8163365
177	bwa	0.0	0.0
177	sim_R1.trim	0.0	0.0
177	bsmap	0.004633	0.9078105
177	gsnap	0.0	0.0
177	bis2	0.000581	0.850766
177	bsmooth	0.0	0.0
177	bis1	0.010036	0.861851
177	last	0.0001685	0.8163365
178	bwa	0.0	0.0
178	sim_R1.trim	0.0	0.0
178	bsmap	0.004633	0.9078105
178	gsnap	0.0	0.0
178	bis2	0.000581	0.850766
178	bsmooth	0.0	0.0
178	bis1	0.010036	0.861851
178	last	0.0001685	0.8163365
179	bwa	0.0	0.0
179	sim_R1.trim	0.0	0.0
179	bsmap	0.004633	0.9078105
179	gsnap	0.0	0.0
179	bis2	0.000581	0.850766
179	bsmooth	0.0	0.0
179	bis1	0.010036	0.861851
179	last	0.0001685	0.8163365
180	bwa	0.0	0.0
180	sim_R1.trim	0.0	0.0
180	bsmap	0.004633	0.9078105
180	gsnap	0.0	0.0
180	bis2	0.000581	0.850766
180	bsmooth	0.0	0.0
180	bis1	0.010036	0.861851
180	last	0.0001685	0.8163365
181	bwa	0.0	0.0
181	sim_R1.trim	0.0	0.0
181	bsmap	0.004633	0.9078105
181	gsnap	0.0	0.0
181	bis2	0.000581	0.850766
181	bsmooth	0.0	0.0
181	bis1	0.010036	0.861851
181	last	0.0001685	0.8163365
182	bwa	0.0	0.0
182	sim_R1.trim	0.0	0.0
182	bsmap	0.004633	0.9078105
182	gsnap	0.0	0.0
182	bis2	0.000581	0.850766
182	bsmooth	0.0	0.0
182	bis1	0.010036	0.861851
182	last	0.0001685	0.8163365
183	bwa	0.0	0.0
183	sim_R1.trim	0.0	0.0
183	bsmap	0.004633	0.9078105
183	gsnap	0.0	0.0
183	bis2	0.000581	0.850766
183	bsmooth	0.0	0.0
183	bis1	0.010036	0.861851
183	last	0.0001685	0.8163365
184	bwa	0.0	0.0
184	sim_R1.trim	0.0	0.0
184	bsmap	0.004633	0.9078105
184	gsnap	0.0	0.0
184	bis2	0.000581	0.850766
184	bsmooth	0.0	0.0
184	bis1	0.010036	0.861851
184	last	0.0001685	0.8163365
185	bwa	0.0	0.0
185	sim_R1.trim	0.0	0.0
185	bsmap	0.004633	0.9078105
185	gsnap	0.0	0.0
185	bis2	0.000581	0.850766
185	bsmooth	0.0	0.0
185	bis1	0.010036	0.861851
185	last	0.0001685	0.8163365
186	bwa	0.0	0.0
186	sim_R1.trim	0.0	0.0
186	bsmap	0.004633	0.9078105
186	gsnap	0.0	0.0
186	bis2	0.000581	0.850766
186	bsmooth	0.0	0.0
186	bis1	0.010036	0.861851
186	last	0.0001685	0.8163365
187	bwa	0.0	0.0
187	sim_R1.trim	0.0	0.0
187	bsmap	0.004633	0.9078105
187	gsnap	0.0	0.0
187	bis2	0.000581	0.850766
187	bsmooth	0.0	0.0
187	bis1	0.010036	0.861851
187	last	0.0001685	0.8163365
188	bwa	0.0	0.0
188	sim_R1.trim	0.0	0.0
188	bsmap	0.004633	0.9078105
188	gsnap	0.0	0.0
188	bis2	0.000581	0.850766
188	bsmooth	0.0	0.0
188	bis1	0.010036	0.861851
188	last	0.0001685	0.8163365
189	bwa	0.0	0.0
189	sim_R1.trim	0.0	0.0
189	bsmap	0.004633	0.9078105
189	gsnap	0.0	0.0
189	bis2	0.000581	0.850766
189	bsmooth	0.0	0.0
189	bis1	0.010036	0.861851
189	last	0.0001685	0.8163365
190	bwa	0.0	0.0
190	sim_R1.trim	0.0	0.0
190	bsmap	0.004633	0.9078105
190	gsnap	0.0	0.0
190	bis2	0.000581	0.850766
190	bsmooth	0.0	0.0
190	bis1	0.010036	0.861851
190	last	0.0001685	0.8163365
191	bwa	0.0	0.0
191	sim_R1.trim	0.0	0.0
191	bsmap	0.004633	0.9078105
191	gsnap	0.0	0.0
191	bis2	0.000581	0.850766
191	bsmooth	0.0	0.0
191	bis1	0.010036	0.861851
191	last	0.0001685	0.8163365
192	bwa	0.0	0.0
192	sim_R1.trim	0.0	0.0
192	bsmap	0.004633	0.9078105
192	gsnap	0.0	0.0
192	bis2	0.000581	0.850766
192	bsmooth	0.0	0.0
192	bis1	0.010036	0.861851
192	last	0.0001685	0.8163365
193	bwa	0.0	0.0
193	sim_R1.trim	0.0	0.0
193	bsmap	0.004633	0.9078105
193	gsnap	0.0	0.0
193	bis2	0.000581	0.850766
193	bsmooth	0.0	0.0
193	bis1	0.010036	0.861851
193	last	0.0001685	0.8163365
194	bwa	0.0	0.0
194	sim_R1.trim	0.0	0.0
194	bsmap	0.004633	0.9078105
194	gsnap	0.0	0.0
194	bis2	0.000581	0.850766
194	bsmooth	0.0	0.0
194	bis1	0.010036	0.861851
194	last	0.0001685	0.8163365
195	bwa	0.0	0.0
195	sim_R1.trim	0.0	0.0
195	bsmap	0.004633	0.9078105
195	gsnap	0.0	0.0
195	bis2	0.000581	0.850766
195	bsmooth	0.0	0.0
195	bis1	0.010036	0.861851
195	last	0.0001685	0.8163365
196	bwa	0.0	0.0
196	sim_R1.trim	0.0	0.0
196	bsmap	0.004633	0.9078105
196	gsnap	0.0	0.0
196	bis2	0.000581	0.850766
196	bsmooth	0.0	0.0
196	bis1	0.010036	0.861851
196	last	0.0001685	0.8163365
197	bwa	0.0	0.0
197	sim_R1.trim	0.0	0.0
197	bsmap	0.004633	0.9078105
197	gsnap	0.0	0.0
197	bis2	0.000581	0.850766
197	bsmooth	0.0	0.0
197	bis1	0.010036	0.861851
197	last	0.0001685	0.8163365
198	bwa	0.0	0.0
198	sim_R1.trim	0.0	0.0
198	bsmap	0.004633	0.9078105
198	gsnap	0.0	0.0
198	bis2	0.000581	0.850766
198	bsmooth	0.0	0.0
198	bis1	0.010036	0.861851
198	last	0.0001685	0.8163365
199	bwa	0.0	0.0
199	sim_R1.trim	0.0	0.0
199	bsmap	0.004633	0.9078105
199	gsnap	0.0	0.0
199	bis2	0.000581	0.850766
199	bsmooth	0.0	0.0
199	bis1	0.010036	0.861851
199	last	0.0001685	0.8163365
200	bwa	0.0	0.0
200	sim_R1.trim	0.0	0.0
200	bsmap	0.004633	0.9078105
200	gsnap	0.0	0.0
200	bis2	0.000581	0.850766
200	bsmooth	0.0	0.0
200	bis1	0.010036	0.861851
200	last	0.0001685	0.8163365
201	bwa	0.0	0.0
201	sim_R1.trim	0.0	0.0
201	bsmap	0.004633	0.9078105
201	gsnap	0.0	0.0
201	bis2	0.000581	0.850766
201	bsmooth	0.0	0.0
201	bis1	0.010036	0.861851
201	last	0.0001685	0.8163365
202	bwa	0.0	0.0
202	sim_R1.trim	0.0	0.0
202	bsmap	0.004633	0.9078105
202	gsnap	0.0	0.0
202	bis2	0.000581	0.850766
202	bsmooth	0.0	0.0
202	bis1	0.010036	0.861851
202	last	0.0001685	0.8163365
203	bwa	0.0	0.0
203	sim_R1.trim	0.0	0.0
203	bsmap	0.004633	0.9078105
203	gsnap	0.0	0.0
203	bis2	0.000581	0.850766
203	bsmooth	0.0	0.0
203	bis1	0.010036	0.861851
203	last	0.0001685	0.8163365
204	bwa	0.0	0.0
204	sim_R1.trim	0.0	0.0
204	bsmap	0.004633	0.9078105
204	gsnap	0.0	0.0
204	bis2	0.000581	0.850766
204	bsmooth	0.0	0.0
204	bis1	0.010036	0.861851
204	last	0.0001685	0.8163365
205	bwa	0.0	0.0
205	sim_R1.trim	0.0	0.0
205	bsmap	0.004633	0.9078105
205	gsnap	0.0	0.0
205	bis2	0.000581	0.850766
205	bsmooth	0.0	0.0
205	bis1	0.010036	0.861851
205	last	0.0001685	0.8163365
206	bwa	0.0	0.0
206	sim_R1.trim	0.0	0.0
206	bsmap	0.004633	0.9078105
206	gsnap	0.0	0.0
206	bis2	0.000581	0.850766
206	bsmooth	0.0	0.0
206	bis1	0.010036	0.861851
206	last	0.0001685	0.8163365
207	bwa	0.0	0.0
207	sim_R1.trim	0.0	0.0
207	bsmap	0.004633	0.9078105
207	gsnap	0.0	0.0
207	bis2	0.000581	0.850766
207	bsmooth	0.0	0.0
207	bis1	0.010036	0.861851
207	last	0.0001685	0.8163365
208	bwa	0.0	0.0
208	sim_R1.trim	0.0	0.0
208	bsmap	0.004633	0.9078105
208	gsnap	0.0	0.0
208	bis2	0.000581	0.850766
208	bsmooth	0.0	0.0
208	bis1	0.010036	0.861851
208	last	0.0001685	0.8163365
209	bwa	0.0	0.0
209	sim_R1.trim	0.0	0.0
209	bsmap	0.004633	0.9078105
209	gsnap	0.0	0.0
209	bis2	0.000581	0.850766
209	bsmooth	0.0	0.0
209	bis1	0.010036	0.861851
209	last	0.0001685	0.8163365
210	bwa	0.0	0.0
210	sim_R1.trim	0.0	0.0
210	bsmap	0.004633	0.9078105
210	gsnap	0.0	0.0
210	bis2	0.000581	0.850766
210	bsmooth	0.0	0.0
210	bis1	0.010036	0.861851
210	last	0.0001685	0.8163365
211	bwa	0.0	0.0
211	sim_R1.trim	0.0	0.0
211	bsmap	0.004633	0.9078105
211	gsnap	0.0	0.0
211	bis2	0.000581	0.850766
211	bsmooth	0.0	0.0
211	bis1	0.010036	0.861851
211	last	0.0001685	0.8163365
212	bwa	0.0	0.0
212	sim_R1.trim	0.0	0.0
212	bsmap	0.004633	0.9078105
212	gsnap	0.0	0.0
212	bis2	0.000581	0.850766
212	bsmooth	0.0	0.0
212	bis1	0.010036	0.861851
212	last	0.0001685	0.8163365
213	bwa	0.0	0.0
213	sim_R1.trim	0.0	0.0
213	bsmap	0.004633	0.9078105
213	gsnap	0.0	0.0
213	bis2	0.000581	0.850766
213	bsmooth	0.0	0.0
213	bis1	0.010036	0.861851
213	last	0.0001685	0.8163365
214	bwa	0.0	0.0
214	sim_R1.trim	0.0	0.0
214	bsmap	0.004633	0.9078105
214	gsnap	0.0	0.0
214	bis2	0.000581	0.850766
214	bsmooth	0.0	0.0
214	bis1	0.010036	0.861851
214	last	0.0001685	0.8163365
215	bwa	0.0	0.0
215	sim_R1.trim	0.0	0.0
215	bsmap	0.004633	0.9078105
215	gsnap	0.0	0.0
215	bis2	0.000581	0.850766
215	bsmooth	0.0	0.0
215	bis1	0.010036	0.861851
215	last	0.0001685	0.8163365
216	bwa	0.0	0.0
216	sim_R1.trim	0.0	0.0
216	bsmap	0.004633	0.9078105
216	gsnap	0.0	0.0
216	bis2	0.000581	0.850766
216	bsmooth	0.0	0.0
216	bis1	0.010036	0.861851
216	last	0.0001685	0.8163365
217	bwa	0.0	0.0
217	sim_R1.trim	0.0	0.0
217	bsmap	0.004633	0.9078105
217	gsnap	0.0	0.0
217	bis2	0.000581	0.850766
217	bsmooth	0.0	0.0
217	bis1	0.010036	0.861851
217	last	0.0001685	0.8163365
218	bwa	0.0	0.0
218	sim_R1.trim	0.0	0.0
218	bsmap	0.004633	0.9078105
218	gsnap	0.0	0.0
218	bis2	0.000581	0.850766
218	bsmooth	0.0	0.0
218	bis1	0.010036	0.861851
218	last	0.0001685	0.8163365
219	bwa	0.0	0.0
219	sim_R1.trim	0.0	0.0
219	bsmap	0.004633	0.9078105
219	gsnap	0.0	0.0
219	bis2	0.000581	0.850766
219	bsmooth	0.0	0.0
219	bis1	0.010036	0.861851
219	last	0.0001685	0.8163365
220	bwa	0.0	0.0
220	sim_R1.trim	0.0	0.0
220	bsmap	0.004633	0.9078105
220	gsnap	0.0	0.0
220	bis2	0.000581	0.850766
220	bsmooth	0.0	0.0
220	bis1	0.010036	0.861851
220	last	0.0001685	0.8163365
221	bwa	0.0	0.0
221	sim_R1.trim	0.0	0.0
221	bsmap	0.004633	0.9078105
221	gsnap	0.0	0.0
221	bis2	0.000581	0.850766
221	bsmooth	0.0	0.0
221	bis1	0.010036	0.861851
221	last	0.0001685	0.8163365
222	bwa	0.0	0.0
222	sim_R1.trim	0.0	0.0
222	bsmap	0.004633	0.9078105
222	gsnap	0.0	0.0
222	bis2	0.000581	0.850766
222	bsmooth	0.0	0.0
222	bis1	0.010036	0.861851
222	last	0.0001685	0.8163365
223	bwa	0.0	0.0
223	sim_R1.trim	0.0	0.0
223	bsmap	0.004633	0.9078105
223	gsnap	0.0	0.0
223	bis2	0.000581	0.850766
223	bsmooth	0.0	0.0
223	bis1	0.010036	0.861851
223	last	0.0001685	0.8163365
224	bwa	0.0	0.0
224	sim_R1.trim	0.0	0.0
224	bsmap	0.004633	0.9078105
224	gsnap	0.0	0.0
224	bis2	0.000581	0.850766
224	bsmooth	0.0	0.0
224	bis1	0.010036	0.861851
224	last	0.0001685	0.8163365
225	bwa	0.0	0.0
225	sim_R1.trim	0.0	0.0
225	bsmap	0.004633	0.9078105
225	gsnap	0.0	0.0
225	bis2	0.000581	0.850766
225	bsmooth	0.0	0.0
225	bis1	0.010036	0.861851
225	last	0.0001685	0.8163365
226	bwa	0.0	0.0
226	sim_R1.trim	0.0	0.0
226	bsmap	0.004633	0.9078105
226	gsnap	0.0	0.0
226	bis2	0.000581	0.850766
226	bsmooth	0.0	0.0
226	bis1	0.010036	0.861851
226	last	0.0001685	0.8163365
227	bwa	0.0	0.0
227	sim_R1.trim	0.0	0.0
227	bsmap	0.004633	0.9078105
227	gsnap	0.0	0.0
227	bis2	0.000581	0.850766
227	bsmooth	0.0	0.0
227	bis1	0.010036	0.861851
227	last	0.0001685	0.8163365
228	bwa	0.0	0.0
228	sim_R1.trim	0.0	0.0
228	bsmap	0.004633	0.9078105
228	gsnap	0.0	0.0
228	bis2	0.000581	0.850766
228	bsmooth	0.0	0.0
228	bis1	0.010036	0.861851
228	last	0.0001685	0.8163365
229	bwa	0.0	0.0
229	sim_R1.trim	0.0	0.0
229	bsmap	0.004633	0.9078105
229	gsnap	0.0	0.0
229	bis2	0.000581	0.850766
229	bsmooth	0.0	0.0
229	bis1	0.010036	0.861851
229	last	0.0001685	0.8163365
230	bwa	0.0	0.0
230	sim_R1.trim	0.0	0.0
230	bsmap	0.004633	0.9078105
230	gsnap	0.0	0.0
230	bis2	0.000581	0.850766
230	bsmooth	0.0	0.0
230	bis1	0.010036	0.861851
230	last	0.0001685	0.8163365
231	bwa	0.0	0.0
231	sim_R1.trim	0.0	0.0
231	bsmap	0.004633	0.9078105
231	gsnap	0.0	0.0
231	bis2	0.000581	0.850766
231	bsmooth	0.0	0.0
231	bis1	0.010036	0.861851
231	last	0.0001685	0.8163365
232	bwa	0.0	0.0
232	sim_R1.trim	0.0	0.0
232	bsmap	0.004633	0.9078105
232	gsnap	0.0	0.0
232	bis2	0.000581	0.850766
232	bsmooth	0.0	0.0
232	bis1	0.010036	0.861851
232	last	0.0001685	0.8163365
233	bwa	0.0	0.0
233	sim_R1.trim	0.0	0.0
233	bsmap	0.004633	0.9078105
233	gsnap	0.0	0.0
233	bis2	0.000581	0.850766
233	bsmooth	0.0	0.0
233	bis1	0.010036	0.861851
233	last	0.0001685	0.8163365
234	bwa	0.0	0.0
234	sim_R1.trim	0.0	0.0
234	bsmap	0.004633	0.9078105
234	gsnap	0.0	0.0
234	bis2	0.000581	0.850766
234	bsmooth	0.0	0.0
234	bis1	0.010036	0.861851
234	last	0.0001685	0.8163365
235	bwa	0.0	0.0
235	sim_R1.trim	0.0	0.0
235	bsmap	0.004633	0.9078105
235	gsnap	0.0	0.0
235	bis2	0.000581	0.850766
235	bsmooth	0.0	0.0
235	bis1	0.010036	0.861851
235	last	0.0001685	0.8163365
236	bwa	0.0	0.0
236	sim_R1.trim	0.0	0.0
236	bsmap	0.004633	0.9078105
236	gsnap	0.0	0.0
236	bis2	0.000581	0.850766
236	bsmooth	0.0	0.0
236	bis1	0.010036	0.861851
236	last	0.0001685	0.8163365
237	bwa	0.0	0.0
237	sim_R1.trim	0.0	0.0
237	bsmap	0.004633	0.9078105
237	gsnap	0.0	0.0
237	bis2	0.000581	0.850766
237	bsmooth	0.0	0.0
237	bis1	0.010036	0.861851
237	last	0.0001685	0.8163365
238	bwa	0.0	0.0
238	sim_R1.trim	0.0	0.0
238	bsmap	0.004633	0.9078105
238	gsnap	0.0	0.0
238	bis2	0.000581	0.850766
238	bsmooth	0.0	0.0
238	bis1	0.010036	0.861851
238	last	0.0001685	0.8163365
239	bwa	0.0	0.0
239	sim_R1.trim	0.0	0.0
239	bsmap	0.004633	0.9078105
239	gsnap	0.0	0.0
239	bis2	0.000581	0.850766
239	bsmooth	0.0	0.0
239	bis1	0.010036	0.861851
239	last	0.0001685	0.8163365
240	bwa	0.0	0.0
240	sim_R1.trim	0.0	0.0
240	bsmap	0.004633	0.9078105
240	gsnap	0.0	0.0
240	bis2	0.000581	0.850766
240	bsmooth	0.0	0.0
240	bis1	0.010036	0.861851
240	last	0.0001685	0.8163365
241	bwa	0.0	0.0
241	sim_R1.trim	0.0	0.0
241	bsmap	0.004633	0.9078105
241	gsnap	0.0	0.0
241	bis2	0.000581	0.850766
241	bsmooth	0.0	0.0
241	bis1	0.010036	0.861851
241	last	0.0001685	0.8163365
242	bwa	0.0	0.0
242	sim_R1.trim	0.0	0.0
242	bsmap	0.004633	0.9078105
242	gsnap	0.0	0.0
242	bis2	0.000581	0.850766
242	bsmooth	0.0	0.0
242	bis1	0.010036	0.861851
242	last	0.0001685	0.8163365
243	bwa	0.0	0.0
243	sim_R1.trim	0.0	0.0
243	bsmap	0.004633	0.9078105
243	gsnap	0.0	0.0
243	bis2	0.000581	0.850766
243	bsmooth	0.0	0.0
243	bis1	0.010036	0.861851
243	last	0.0001685	0.8163365
244	bwa	0.0	0.0
244	sim_R1.trim	0.0	0.0
244	bsmap	0.004633	0.9078105
244	gsnap	0.0	0.0
244	bis2	0.000581	0.850766
244	bsmooth	0.0	0.0
244	bis1	0.010036	0.861851
244	last	0.0001685	0.8163365
245	bwa	0.0	0.0
245	sim_R1.trim	0.0	0.0
245	bsmap	0.004633	0.9078105
245	gsnap	0.0	0.0
245	bis2	0.000581	0.850766
245	bsmooth	0.0	0.0
245	bis1	0.010036	0.861851
245	last	0.0001685	0.8163365
246	bwa	0.0	0.0
246	sim_R1.trim	0.0	0.0
246	bsmap	0.004633	0.9078105
246	gsnap	0.0	0.0
246	bis2	0.000581	0.850766
246	bsmooth	0.0	0.0
246	bis1	0.010036	0.861851
246	last	0.0001685	0.8163365
247	bwa	0.0	0.0
247	sim_R1.trim	0.0	0.0
247	bsmap	0.004633	0.9078105
247	gsnap	0.0	0.0
247	bis2	0.000581	0.850766
247	bsmooth	0.0	0.0
247	bis1	0.010036	0.861851
247	last	0.0001685	0.8163365
248	bwa	0.0	0.0
248	sim_R1.trim	0.0	0.0
248	bsmap	0.004633	0.9078105
248	gsnap	0.0	0.0
248	bis2	0.000581	0.850766
248	bsmooth	0.0	0.0
248	bis1	0.010036	0.861851
248	last	0.0001685	0.8163365
249	bwa	0.0	0.0
249	sim_R1.trim	0.0	0.0
249	bsmap	0.004633	0.9078105
249	gsnap	0.0	0.0
249	bis2	0.000581	0.850766
249	bsmooth	0.0	0.0
249	bis1	0.010036	0.861851
249	last	0.0001685	0.8163365
250	bwa	0.0	0.0
250	sim_R1.trim	0.0	0.0
250	bsmap	0.004633	0.9078105
250	gsnap	0.0	0.0
250	bis2	0.000581	0.850766
250	bsmooth	0.0	0.0
250	bis1	0.010036	0.861851
250	last	0.0001685	0.8163365
251	bwa	0.0	0.0
251	sim_R1.trim	0.0	0.0
251	bsmap	0.004633	0.9078105
251	gsnap	0.0	0.0
251	bis2	0.000581	0.850766
251	bsmooth	0.0	0.0
251	bis1	0.010036	0.861851
251	last	0.0001685	0.8163365
252	bwa	0.0	0.0
252	sim_R1.trim	0.0	0.0
252	bsmap	0.004633	0.9078105
252	gsnap	0.0	0.0
252	bis2	0.000581	0.850766
252	bsmooth	0.0	0.0
252	bis1	0.010036	0.861851
252	last	0.0001685	0.8163365
253	bwa	0.0	0.0
253	sim_R1.trim	0.0	0.0
253	bsmap	0.004633	0.9078105
253	gsnap	0.0	0.0
253	bis2	0.000581	0.850766
253	bsmooth	0.0	0.0
253	bis1	0.010036	0.861851
253	last	0.0001685	0.8163365
254	bwa	0.0	0.0
254	sim_R1.trim	0.0	0.0
254	bsmap	0.004633	0.9078105
254	gsnap	0.0	0.0
254	bis2	0.000581	0.850766
254	bsmooth	0.0	0.0
254	bis1	0.010036	0.861851
254	last	0.0001685	0.8163365
255	bwa	0.0	0.0
255	sim_R1.trim	0.0	0.0
255	bsmap	0.004633	0.9078105
255	gsnap	0.0	0.0
255	bis2	0.000581	0.850766
255	bsmooth	0.0	0.0
255	bis1	0.010036	0.861851
255	last	0.0	0.0
